1.16 
34.25 1.16
5.25 1.16
33.153 1.16
34.28 1.16
69.22 1.16
1.22 34.25
1.28 33.153
10.25 69.22
10.44 33.153
10.60 34.25
2.25 34.28
33.22 33.153
33.60 34.28
37.25 69.22
41.153 34.25
41.188 34.28
5.153 5.25
5.60 34.28
65.156 69.22
65.22 5.25
38.44 34.28
5.156 34.25
5.22 69.22
6.25 5.25
6.28 34.25
65.172 33.153
66.25 69.22
69.153 5.25
73.153 5.25
9.22 33.153
1.156 65.22
37.22 73.153
37.44 10.25
38.25 5.156
41.28 5.153
41.60 6.25
42.25 1.28
42.44 65.156
42.60 10.25
5.172 9.22
5.188 65.22
5.44 1.28
65.19 73.153
65.44 5.153
70.25 5.153
73.22 6.25
73.25 5.156
9.25 5.156
1.25 65.22
1.60 10.25
33.25 65.22
33.44 73.153
34.44 41.153
34.60 9.22
37.156 5.156
37.172 1.28
37.188 10.25
38.28 5.153
41.156 9.22
41.22 1.28
41.44 38.44
5.28 65.156
6.60 9.22
65.28 65.156
65.60 10.44
69.25 65.22
74.25 5.156
9.153 1.22
9.172 5.153
9.188 1.28
9.28 1.22
1.44 42.25
2.28 69.25
2.44 70.25
33.156 73.25
33.188 65.44
33.19 6.60
37.153 70.25
37.60 65.44
41.25 9.188
1.153 70.25
1.172 37.172
1.188 73.25
1.19 41.22
33.172 9.188
37.28 70.25
38.60 69.25
42.28 42.60
6.44 74.25
65.153 65.44
9.60 9.25
65.174 33.172
65.25 37.153
9.156 33.172
9.44 37.153
10.28 33.156
33.28 37.153
41.172 37.153
