211.91 52.3824 4.8995
50.133 48.85341 2.3488
29.25 40.4165 -3.70256 
1.21 40.4165 -3.70256 
2.46 40.4165 -3.70256
253.214 40.4172 -3.684
48.254 48.85341 2.3488
2.50 40.4165 -3.70256
3.173 43.3603 -5.8448 
0.142 50.11552 8.68417 
0.106 37.4712 -5.6461
233.154 37.8916 -4.7727
58.185 51.50853 -0.12574 
38.209 52.37403 4.88969 
56.174 48.85341 2.3488
57.210 39.46975 -0.37739 
49.82 37.38283 -5.97317 
38.158 48.85341 2.3488
48.205 43.26271 -2.92528
39.146 40.4165 -3.70256 
2.33 45.74846 4.84671
151.138 59.3111 -2.5905
0.34 47.0 8.0
60.182 48.85341 2.3488
1.97 40.4165 -3.70256
244.10 37.35 -2.3
150.130 59.3111 -2.5905
151.58 40.4171 -3.6839
104.154 37.7429 -0.954
2.62 40.4165 -3.70256
57.53 40.4165 -3.70256 
192.1 38.3228 -4.6287
57.33 40.4165 -3.70256 
41.7 40.40225 -3.71029
150.94 40.4172 -3.684
1.234 40.4165 -3.70256
1.18 40.4165 -3.70256
151.190 59.3111 -2.5905
1.206 40.4165 -3.70256
0.90 37.4712 -5.6461
101.58 40.4171 -3.6839
231.2 38.6887 0.1348
151.226 59.3111 -2.5905
0.130 37.4712 -5.6461
60.166 49.44313 1.09932
1.46 50.75 4.5
36.174 40.4165 -3.70256
68.1 37.6963 -6.5497
54.145 40.4172 -3.684
98.172 37.8916 -4.7727
101.2 40.4171 -3.6839 
150.254 59.3111 -2.5905
150.122 59.3111 -2.5905
57.202 40.4165 -3.70256
49.122 45.74846 4.84671
58.238 48.85341 2.3488 
0.122 37.4712 -5.6461
57.158 44.84044 -0.5805
248.1 37.2099 -7.4027
50.166 43.29695 5.38107
56.14 38.71667 -9.13333
3.58 40.4165 -3.70256
101.242 40.4171 -3.6839
2.122 37.38283 -5.97317
1.30 41.14961 -8.61099
1.202 40.4165 -3.70256
2.65 43.26271 -2.92528
6.238 40.4165 -3.70256
6.1 40.4171 -3.6839
83.253 37.4712 -5.6461 
50.42 48.85341 2.3488
76.74 39.889 -0.085
0.18 37.4712 -5.6461
6.234 40.4165 -3.70256
1.218 40.4165 -3.70256
1.214 40.4165 -3.70256
164.128 37.7561 -5.1313
51.73 43.36029 -5.84476 
104.238 36.7107 -4.633
60.126 48.85341 2.3488
101.138 40.4171 -3.6839
48.146 40.4172 -3.684
29.83 40.4165 -3.70256
50.66 40.4165 -3.70256
0.110 37.4712 -5.6461
1.110 40.4165 -3.70256
39.162 48.85341 2.3488
39.146 36.5154 -4.8858
1.162 48.85341 2.3488
226.5 51.4964 -0.1224
1.210 40.4165 -3.70256
0.42 37.4712 -5.6461
0.58 37.4712 -5.6461
1.222 40.4165 -3.70256
106.10 43.3603 -5.8448
101.154 40.4171 -3.6839
240.58 40.49675 -3.44587
0.134 37.4712 -5.6461
240.17 40.4165 -3.70256
0.38 37.4712 -5.6461
