255.254 55.7386 37.6068
255.253 51.2993 9.491
255.252 51.4964 -0.1224
255.251 51.50853 -0.12574
255.250 50.11552 8.68417
255.249 48.85341 2.3488
255.248 50.3266 2.98
255.247 48.8582 2.3387
255.246 40.4172 -3.684
255.245 50.85045 4.34878
255.244 45.7955 4.7857
255.243 47.0 8.0
255.242 52.3824 4.8995
255.241 40.4171 -3.6839
255.240 43.1479 12.1097
255.239 51.5142 -0.0931
255.238 50.85 4.35
255.237 48.7372 -0.5747
255.236 52.2394 21.0362
255.235 43.6046 1.4451
255.234 50.0766 14.5148
255.233 60.1708 24.9375
255.232 47.9676 -1.7953
255.231 48.8534 2.3486
255.230 53.3472 -6.2439
255.229 52.3109 4.9453
255.228 38.7174 -9.1321
255.227 48.8607 2.3281
255.226 42.7 23.3333
255.225 37.97945 23.71622
255.224 51.47115 -0.45649
255.223 47.6579 -2.7557
255.222 43.5312 5.4554
255.221 44.43225 26.10626
255.220 43.6107 3.8809
255.219 45.7423 4.9678
255.218 39.91667 32.83333
255.217 38.7139 -9.1394
255.216 45.748 4.85
255.215 50.0848 14.4112
255.214 48.8058 2.4204
255.213 45.6956 4.7934
255.212 43.0099 -7.556
255.211 50.6974 3.178
255.210 49.01278 2.55
255.209 47.2173 -1.5534
255.208 48.9679 2.3978
255.207 48.91667 2.38333
255.206 43.4377 4.9446
255.205 56.0 24.0
