1.16 55.7386 37.6068
69.22 51.2993 9.491
5.25 51.4964 -0.1224
73.153 51.50853 -0.12574
5.153 50.11552 8.68417
33.153 48.85341 2.3488
33.22 50.3266 2.98
34.28 48.8582 2.3387
65.19 40.4172 -3.684
5.156 50.85045 4.34878
2.25 45.7955 4.7857
9.22 47.0 8.0
10.25 52.3824 4.8995
37.156 40.4171 -3.6839
1.22 43.1479 12.1097
9.153 51.5142 -0.0931
34.25 50.85 4.35
38.44 48.7372 -0.5747
9.25 52.2394 21.0362
1.60 43.6046 1.4451
1.28 50.0766 14.5148
41.22 60.1708 24.9375
41.188 47.9676 -1.7953
37.172 48.8534 2.3486
37.22 53.3472 -6.2439
9.188 52.3109 4.9453
38.25 38.7174 -9.1321
1.172 48.8607 2.3281
37.153 42.7 23.3333
33.28 37.97945 23.71622
73.25 51.47115 -0.45649
6.60 47.6579 -2.7557
65.25 43.5312 5.4554
74.25 44.43225 26.10626
65.22 43.6107 3.8809
1.188 45.7423 4.9678
5.188 39.91667 32.83333
69.153 38.7139 -9.1394
33.156 45.748 4.85
6.44 50.0848 14.4112
65.156 48.8058 2.4204
65.172 45.6956 4.7934
9.44 43.0099 -7.556
69.25 50.6974 3.178
41.153 49.01278 2.55
6.25 47.2173 -1.5534
5.60 48.9679 2.3978
37.188 48.91667 2.38333
10.44 43.4377 4.9446
9.60 56.0 24.0
33.19 48.803 2.2669
6.28 48.6925 2.6109
2.44 45.1715 5.7224
65.153 43.2135 2.3516
2.28 51.1085 17.0312
38.60 44.0182 1.3643
33.188 44.6201 4.3899
41.156 49.2718 7.0325
65.44 42.7833 12.6
41.172 41.1451 1.3986
33.60 44.8 -1.15
9.28 52.3238 -1.8961
10.60 47.475 -0.5451
10.28 48.8229 2.2176
37.60 47.0667 -0.8833
41.44 43.4973 1.3685
5.44 43.9298 2.148
5.28 47.3556 -0.8589
42.44 45.6736 4.7548
34.60 43.3183 1.9545
42.60 50.4198 2.7807
9.172 46.5667 3.3333
37.44 50.6098 3.0187
33.44 43.4114 1.117
41.25 43.2444 1.2894
65.28 50.4524 4.3405
42.25 44.161 1.3482
37.28 48.9042 2.0867
1.156 50.4711 2.7154
1.25 45.7388 4.7722
1.44 43.9845 2.1423
38.28 45.8871 4.6237
41.60 50.3131 2.7473
33.172 48.6304 2.2627
73.22 48.5973 2.2648
1.19 47.28333 25.35
2.60 48.1333 -1.537
1.153 48.0665 -2.9644
41.28 49.2429 -0.3276
5.22 48.8129 2.3417
65.174 43.2452 2.8944
65.60 48.5425 -2.7798
5.172 47.664 5.9745
33.25 42.4947 2.7145
9.156 43.5416 1.5657
34.44 42.7908 0.5931
70.25 52.90833 8.04056
66.25 48.3932 2.3036
37.25 44.1238 2.246
42.28 48.8548 -1.548
