31.0449 121.4012
34.7725 113.7266
10.63167 -71.64056
23.7121 90.4598
56.88562 -134.16256
1.28967 103.85007
1.28967 103.85007
52.3824 4.8995
51.50853 -0.12574
52.3824 4.8995
47.0 8.0
51.2993 9.491
47.0 8.0
37.751 -97.822
37.751 -97.822
32.78306 -96.80667
34.05223 -118.24368
39.04372 -77.48749
32.84707 -96.85195
34.0138 -6.8443
32.0 -5.0
32.0 -5.0
32.0 -5.0
43.26271 -2.92528
39.46975 -0.37739
37.751 -97.822
37.751 -97.822
37.751 -97.822
37.751 -97.822
37.751 -97.822
37.751 -97.822
33.521 -86.8066
38.94877 -77.4491
37.751 -97.822
37.751 -97.822
37.751 -97.822
37.751 -97.822
37.751 -97.822
37.751 -97.822
43.00035 -75.4999
43.00035 -75.4999
37.751 -97.822
37.751 -97.822
35.2132 -80.8231
37.751 -97.822
37.751 -97.822
37.751 -97.822
37.751 -97.822
43.00035 -75.4999
37.751 -97.822
42.65258 -73.75623
43.00035 -75.4999
39.6463 -105.0092
37.751 -97.822
37.751 -97.822
37.751 -97.822
47.0 8.0
37.751 -97.822
37.751 -97.822
39.6463 -105.0092
37.751 -97.822
37.751 -97.822
37.751 -97.822
51.4964 -0.1224
28.4338 -81.3472
33.6512 -117.5938
30.33218 -81.65565
28.53834 -81.37924
30.43826 -84.28073
37.751 -97.822
37.751 -97.822
40.77607 -73.87269
38.94877 -77.4491
40.77607 -73.87269
40.73566 -74.17237
47.23333 22.65
17.61306 121.72694
59.3247 18.056
-14.31667 -67.38333
59.3247 18.056
12.60023 -61.41165
59.3247 18.056
38.12311 -89.70177
51.50853 -0.12574
27.25251 86.67168
51.50853 -0.12574
51.50853 -0.12574
51.50853 -0.12574
32.08414 34.79995
51.50853 -0.12574
51.50853 -0.12574
51.50853 -0.12574
-8.1075 159.577
59.3247 18.056
42.76537 -71.46757
53.48095 -2.23743
26.55695 31.69478
55.67594 12.56553
59.3247 18.056
51.50853 -0.12574
51.50853 -0.12574
-26.20227 28.04363
51.50853 -0.12574
51.50853 -0.12574
51.50853 -0.12574
51.50853 -0.12574
51.50853 -0.12574
50.11552 8.68417
47.50012 -120.50147
47.0 8.0
52.37302 4.89856
47.0 8.0
47.50012 -120.50147
52.37302 4.89856
48.20849 16.37208
52.22977 21.01178
47.0 8.0
52.37302 4.89856
52.37302 4.89856
47.0 8.0
51.4964 -0.1224
51.4964 -0.1224
50.11552 8.68417
51.4964 -0.1224
59.3247 18.056
52.3824 4.8995
51.4856 -0.1028
51.4964 -0.1224
52.3824 4.8995
52.37403 4.88969
51.50853 -0.12574
52.3824 4.8995
50.11552 8.68417
52.3824 4.8995
51.8066 4.0271
52.3824 4.8995
52.3824 4.8995
50.11552 8.68417
50.11552 8.68417
52.3824 4.8995
51.4964 -0.1224
16.0 106.0
1.28967 103.85007
1.3667 103.8
1.3667 103.8
1.3667 103.8
22.2909 114.15
1.3667 103.8
1.3667 103.8
1.3667 103.8
1.3667 103.8
35.69 139.69
37.751 -97.822
22.2909 114.15
22.2909 114.15
22.2909 114.15
1.3667 103.8
22.2909 114.15
1.3667 103.8
20.0 77.0
1.28967 103.85007
1.28967 103.85007
1.2929 103.8547
1.28967 103.85007
41.6387 -88.4438
-15.64577 141.84521
38.73222 35.48528
36.295 -80.356
37.751 -97.822
41.85003 -87.65005
37.751 -97.822
37.751 -97.822
34.05223 -118.24368
37.751 -97.822
37.751 -97.822
37.751 -97.822
34.05223 -118.24368
37.751 -97.822
37.751 -97.822
34.05223 -118.24368
34.05223 -118.24368
34.05223 -118.24368
43.00035 -75.4999
43.00035 -75.4999
37.751 -97.822
40.48622 -74.45182
43.00035 -75.4999
37.751 -97.822
37.751 -97.822
38.62727 -90.19789
37.751 -97.822
47.50012 -120.50147
41.4995 -81.69541
37.751 -97.822
37.751 -97.822
35.7721 -78.63861
37.751 -97.822
41.4995 -81.69541
37.751 -97.822
37.751 -97.822
47.50012 -120.50147
47.50012 -120.50147
37.751 -97.822
37.751 -97.822
37.751 -97.822
37.751 -97.822
43.00035 -75.4999
43.00035 -75.4999
37.751 -97.822
37.751 -97.822
37.751 -97.822
37.751 -97.822
37.751 -97.822
37.751 -97.822
37.751 -97.822
37.751 -97.822
37.751 -97.822
37.751 -97.822
37.751 -97.822
37.751 -97.822
37.751 -97.822
37.751 -97.822
43.00035 -75.4999
37.751 -97.822
37.751 -97.822
37.751 -97.822
37.751 -97.822
37.751 -97.822
42.3751 -71.10561
37.751 -97.822
37.751 -97.822
43.00035 -75.4999
37.751 -97.822
37.751 -97.822
41.85003 -87.65005
39.95233 -75.16379
37.751 -97.822
37.751 -97.822
37.751 -97.822
37.751 -97.822
38.62727 -90.19789
37.751 -97.822
37.751 -97.822
41.85003 -87.65005
47.0 8.0
41.85003 -87.65005
39.96118 -82.99879
41.4995 -81.69541
41.85003 -87.65005
41.85003 -87.65005
39.73915 -104.9847
-7.88771 147.14109
37.751 -97.822
37.751 -97.822
37.751 -97.822
37.751 -97.822
37.751 -97.822
37.751 -97.822
37.751 -97.822
37.751 -97.822
32.831 -96.7692
32.831 -96.7692
8.40207 48.48284
-7.88771 147.14109
36.9797 -121.8902
33.749 -84.38798
37.751 -97.822
37.751 -97.822
37.751 -97.822
37.751 -97.822
33.749 -84.38798
8.40207 48.48284
37.751 -97.822
37.751 -97.822
37.751 -97.822
37.751 -97.822
33.52066 -86.80249
37.751 -97.822
39.84031 -88.9548
37.751 -97.822
37.751 -97.822
37.751 -97.822
37.751 -97.822
36.295 -80.356
37.751 -97.822
37.751 -97.822
39.95233 -75.16379
37.751 -97.822
37.751 -97.822
37.751 -97.822
39.96118 -82.99879
37.751 -97.822
33.749 -84.38798
29.95465 -90.07507
37.751 -97.822
42.19592 -73.36206
38.62727 -90.19789
37.751 -97.822
37.751 -97.822
35.7721 -78.63861
37.751 -97.822
37.751 -97.822
37.751 -97.822
41.8777 -87.6376
37.751 -97.822
37.751 -97.822
37.751 -97.822
37.751 -97.822
37.751 -97.822
37.751 -97.822
35.22709 -80.84313
42.73698 -84.48387
34.0903 -118.3749
41.8777 -87.6376
30.3981 -91.9263
42.73698 -84.48387
42.73698 -84.48387
42.73698 -84.48387
42.73698 -84.48387
42.73698 -84.48387
42.73698 -84.48387
42.73698 -84.48387
42.73698 -84.48387
45.66293 7.85791
45.66293 7.85791
45.66293 7.85791
45.66293 7.85791
45.66293 7.85791
33.749 -84.38798
33.5119 -101.9316
32.9865 -96.686
34.69374 135.50218
39.04372 -77.48749
34.05223 -118.24368
34.05223 -118.24368
41.85003 -87.65005
41.85003 -87.65005
37.751 -97.822
29.76328 -95.36327
37.33939 -121.89496
20.0 77.0
1.28967 103.85007
37.33939 -121.89496
1.28967 103.85007
1.28967 103.85007
1.3667 103.8
1.3667 103.8
20.0 77.0
1.3667 103.8
1.3667 103.8
37.751 -97.822
34.69374 135.50218
51.50853 -0.12574
52.37403 4.88969
37.751 -97.822
37.751 -97.822
47.60621 -122.33207
20.0 77.0
51.50853 -0.12574
53.3472 -6.2439
38.73222 35.48528
37.751 -97.822
-1.32172 36.81483
34.9336 -79.7666
37.751 -97.822
37.751 -97.822
39.2051 -85.9324
37.751 -97.822
37.751 -97.822
41.85003 -87.65005
41.97959 -87.90446
33.7991 -117.9956
34.05223 -118.24368
39.0481 -77.4728
34.05223 -118.24368
34.0447 -118.2946
39.04372 -77.48749
38.94877 -77.4491
39.04372 -77.48749
39.0481 -77.4728
32.78306 -96.80667
37.751 -97.822
34.05223 -118.24368
34.05223 -118.24368
34.05223 -118.24368
32.84707 -96.85195
52.37403 4.88969
40.4165 -3.70256
37.751 -97.822
52.37403 4.88969
51.50853 -0.12574
52.37403 4.88969
37.751 -97.822
52.37403 4.88969
37.751 -97.822
48.85341 2.3488
52.37403 4.88969
43.29695 5.38107
51.50853 -0.12574
52.37403 4.88969
34.05223 -118.24368
34.05223 -118.24368
34.05223 -118.24368
37.33939 -121.89496
34.05223 -118.24368
52.37403 4.88969
37.751 -97.822
52.37403 4.88969
50.11552 8.68417
41.38879 2.15899
51.50853 -0.12574
37.751 -97.822
1.28967 103.85007
51.50853 -0.12574
52.37403 4.88969
48.20849 16.37208
47.0 8.0
47.0 8.0
47.0 8.0
47.0 8.0
47.0 8.0
47.0 8.0
40.7157 -74.0
47.0 8.0
37.751 -97.822
37.751 -97.822
37.751 -97.822
34.05223 -118.24368
39.04372 -77.48749
37.33939 -121.89496
34.69374 135.50218
34.69374 135.50218
40.78343 -73.96625
25.77427 -80.19366
40.78343 -73.96625
47.60621 -122.33207
34.94957 -81.93205
34.94957 -81.93205
37.751 -97.822
37.751 -97.822
37.751 -97.822
37.751 -97.822
39.04372 -77.48749
40.78343 -73.96625
34.05223 -118.24368
39.04372 -77.48749
39.04372 -77.48749
33.749 -84.38798
32.78306 -96.80667
34.05223 -118.24368
39.04372 -77.48749
39.04372 -77.48749
39.04372 -77.48749
39.04372 -77.48749
39.04372 -77.48749
39.04372 -77.48749
38.94877 -77.4491
10.59901 -66.9346
40.40225 -3.71029
37.33939 -121.89496
34.05223 -118.24368
32.78306 -96.80667
50.08804 14.42076
52.37403 4.88969
52.37403 4.88969
52.37403 4.88969
39.04372 -77.48749
41.85003 -87.65005
25.77427 -80.19366
37.33939 -121.89496
37.33939 -121.89496
39.04372 -77.48749
38.85233 -77.0372
39.04372 -77.48749
51.50853 -0.12574
51.50853 -0.12574
51.5142 -0.0931
40.78343 -73.96625
51.50853 -0.12574
47.0 8.0
40.78343 -73.96625
51.50853 -0.12574
41.85003 -87.65005
51.50853 -0.12574
51.50853 -0.12574
39.04372 -77.48749
40.78343 -73.96625
37.751 -97.822
34.05223 -118.24368
37.33939 -121.89496
40.78343 -73.96625
34.05223 -118.24368
40.78343 -73.96625
32.78306 -96.80667
32.78306 -96.80667
33.749 -84.38798
1.28967 103.85007
35.6895 139.69171
34.7725 113.7266
34.7725 113.7266
34.7725 113.7266
34.7725 113.7266
34.7725 113.7266
34.7725 113.7266
34.7725 113.7266
34.7725 113.7266
34.7725 113.7266
34.7725 113.7266
34.7725 113.7266
34.7725 113.7266
40.4165 -3.70256
52.37403 4.88969
34.05223 -118.24368
34.05223 -118.24368
32.78306 -96.80667
32.78306 -96.80667
34.69374 135.50218
37.33939 -121.89496
34.05223 -118.24368
38.85233 -77.0372
51.50853 -0.12574
51.50853 -0.12574
37.751 -97.822
47.60621 -122.33207
51.50853 -0.12574
51.50853 -0.12574
51.50853 -0.12574
48.85341 2.3488
20.0 77.0
37.33939 -121.89496
25.77427 -80.19366
34.05223 -118.24368
34.05223 -118.24368
37.751 -97.822
25.77427 -80.19366
25.77427 -80.19366
33.749 -84.38798
41.85003 -87.65005
41.85003 -87.65005
41.85003 -87.65005
41.85003 -87.65005
34.05223 -118.24368
35.6895 139.69171
34.05223 -118.24368
34.05223 -118.24368
34.05223 -118.24368
32.78306 -96.80667
32.78306 -96.80667
39.04372 -77.48749
25.77427 -80.19366
39.04372 -77.48749
39.04372 -77.48749
37.33939 -121.89496
37.35411 -121.95524
37.33939 -121.89496
37.33939 -121.89496
37.33939 -121.89496
1.28967 103.85007
43.1479 12.1097
40.7157 -74.0
51.50853 -0.12574
51.50853 -0.12574
51.50853 -0.12574
48.8534 2.3486
48.85341 2.3488
51.50853 -0.12574
51.50853 -0.12574
51.50853 -0.12574
51.50853 -0.12574
37.33939 -121.89496
40.40225 -3.71029
50.85045 4.34878
1.28967 103.85007
48.85341 2.3488
1.28967 103.85007
37.751 -97.822
50.11552 8.68417
1.2929 103.8547
51.50853 -0.12574
48.20849 16.37208
37.33939 -121.89496
51.50853 -0.12574
34.05223 -118.24368
34.05223 -118.24368
47.0 8.0
47.0 8.0
52.37403 4.88969
34.94957 -81.93205
32.78306 -96.80667
42.33143 -83.04575
41.6614 -83.5249
37.751 -97.822
37.751 -97.822
37.751 -97.822
41.708 -83.7068
41.85003 -87.65005
41.8777 -87.6376
39.04372 -77.48749
34.05223 -118.24368
37.751 -97.822
40.73566 -74.17237
47.0 8.0
37.33939 -121.89496
50.11552 8.68417
37.33939 -121.89496
37.44188 -122.14302
37.751 -97.822
35.6895 139.69171
20.0 77.0
37.751 -97.822
40.4172 -3.684
46.0 25.0
41.85003 -87.65005
4.60971 -74.08175
37.44188 -122.14302
37.751 -97.822
43.1479 12.1097
43.1479 12.1097
52.37403 4.88969
52.3824 4.8995
34.05223 -118.24368
32.78306 -96.80667
32.78306 -96.80667
34.69374 135.50218
47.0 8.0
47.0 8.0
47.0 8.0
52.37403 4.88969
50.11552 8.68417
50.11552 8.68417
50.11552 8.68417
40.71427 -74.00597
37.751 -97.822
1.28967 103.85007
50.11552 8.68417
47.0 8.0
51.50853 -0.12574
40.63983 -73.77874
37.751 -97.822
37.751 -97.822
40.4172 -3.684
48.85341 2.3488
41.85003 -87.65005
33.749 -84.38798
33.749 -84.38798
32.78306 -96.80667
50.11552 8.68417
50.11552 8.68417
50.11552 8.68417
50.11552 8.68417
32.78306 -96.80667
41.85003 -87.65005
41.85003 -87.65005
41.85003 -87.65005
41.85003 -87.65005
41.85003 -87.65005
37.751 -97.822
41.85003 -87.65005
41.8777 -87.6376
33.749 -84.38798
37.751 -97.822
34.1103 -81.1966
32.78306 -96.80667
52.3824 4.8995
48.85341 2.3488
48.85341 2.3488
33.749 -84.38798
33.9526 -84.54993
32.84707 -96.85195
32.78306 -96.80667
-33.92584 18.42322
50.11552 8.68417
39.04372 -77.48749
33.749 -84.38798
48.85341 2.3488
5.48361 -74.6574
5.48361 -74.6574
10.63167 -71.64056
33.749 -84.38798
37.751 -97.822
40.63983 -73.77874
42.6847 -73.7354
40.4165 -3.70256
45.46427 9.18951
1.3667 103.8
37.33939 -121.89496
47.0 8.0
43.00035 -75.4999
50.11552 8.68417
50.11552 8.68417
49.61167 6.13
50.11552 8.68417
48.13743 11.57549
50.11552 8.68417
50.11552 8.68417
51.50853 -0.12574
48.58392 7.74553
40.63983 -73.77874
47.36667 8.55
50.08804 14.42076
52.37403 4.88969
50.11552 8.68417
52.37403 4.88969
52.37302 4.89856
44.80401 20.46513
44.80401 20.46513
42.69751 23.32415
37.751 -97.822
37.751 -97.822
41.3275 19.81889
47.36667 8.55
48.85341 2.3488
48.13743 11.57549
52.37403 4.88969
48.85341 2.3488
52.37403 4.88969
48.20849 16.37208
50.75 4.5
48.85341 2.3488
48.85341 2.3488
40.4172 -3.684
40.4172 -3.684
40.4172 -3.684
40.4172 -3.684
40.4172 -3.684
40.4172 -3.684
40.4172 -3.684
40.4172 -3.684
40.4172 -3.684
40.4172 -3.684
40.4172 -3.684
40.4172 -3.684
40.4172 -3.684
40.4172 -3.684
40.4172 -3.684
47.6144 -122.3447
50.11552 8.68417
37.751 -97.822
50.11552 8.68417
47.0 8.0
44.80401 20.46513
44.80401 20.46513
53.33306 -6.24889
53.33306 -6.24889
41.01384 28.94966
44.80401 20.46513
53.48095 -2.23743
53.41058 -2.97794
51.50853 -0.12574
48.85341 2.3488
52.37403 4.88969
53.57532 10.01534
55.67594 12.56553
59.33258 18.0649
48.14816 17.10674
48.14816 17.10674
40.4165 -3.70256
37.38283 -5.97317
41.14961 -8.61099
37.38283 -5.97317
48.85341 2.3488
48.85341 2.3488
40.4172 -3.684
40.4172 -3.684
48.85341 2.3488
33.749 -84.38798
52.37302 4.89856
25.77427 -80.19366
50.11552 8.68417
52.37403 4.88969
52.37302 4.89856
52.37403 4.88969
53.57532 10.01534
37.751 -97.822
51.50853 -0.12574
37.751 -97.822
37.751 -97.822
25.77427 -80.19366
25.77427 -80.19366
25.77427 -80.19366
5.48361 -74.6574
43.1479 12.1097
43.1479 12.1097
43.1479 12.1097
43.1479 12.1097
43.1479 12.1097
41.01384 28.94966
48.85341 2.3488
48.85341 2.3488
40.71427 -74.00597
51.50853 -0.12574
51.50853 -0.12574
51.50853 -0.12574
51.50853 -0.12574
51.50853 -0.12574
51.50853 -0.12574
52.37403 4.88969
51.50853 -0.12574
51.50853 -0.12574
51.50853 -0.12574
51.50853 -0.12574
51.50853 -0.12574
51.50853 -0.12574
52.37403 4.88969
50.11552 8.68417
53.41058 -2.97794
41.4995 -81.69541
28.05155 9.64291
10.63167 -71.64056
28.05155 9.64291
28.05155 9.64291
28.05155 9.64291
52.37403 4.88969
43.29695 5.38107
45.74846 4.84671
48.85341 2.3488
44.84044 -0.5805
53.33306 -6.24889
47.0 8.0
47.0 8.0
50.11552 8.68417
52.37302 4.89856
52.37302 4.89856
43.26271 -2.92528
52.37403 4.88969
47.49801 19.03991
55.67594 12.56553
50.11552 8.68417
51.5142 -0.0931
59.3111 -2.5905
37.751 -97.822
37.751 -97.822
37.751 -97.822
37.751 -97.822
37.751 -97.822
37.751 -97.822
45.5608 -94.16249
48.8534 2.3486
28.05155 9.64291
28.05155 9.64291
52.5323 13.3846
52.5323 13.3846
52.5323 13.3846
52.5323 13.3846
30.0355 31.223
28.3724 -16.7119
43.29695 5.38107
37.751 -97.822
52.5323 13.3846
37.751 -97.822
49.61167 6.13
37.751 -97.822
37.751 -97.822
45.46427 9.18951
45.43713 12.33265
51.50853 -0.12574
51.50853 -0.12574
51.50853 -0.12574
51.50853 -0.12574
51.50853 -0.12574
51.47115 -0.45649
42.35843 -71.05977
50.85045 4.34878
-17.3883 144.16901
59.3247 18.056
59.3247 18.056
26.25 105.93333
-12.04318 -77.02824
59.95 10.75
55.67594 12.56553
27.71722 109.18528
41.8777 -87.6376
41.8777 -87.6376
41.85003 -87.65005
43.00035 -75.4999
43.00035 -75.4999
52.3824 4.8995
50.11552 8.68417
50.11552 8.68417
52.3824 4.8995
52.3824 4.8995
47.6723 9.1834
41.0214 28.9948
52.3824 4.8995
52.3824 4.8995
51.50853 -0.12574
51.4964 -0.1224
51.4964 -0.1224
32.08414 34.79995
50.11552 8.68417
51.50853 -0.12574
50.11552 8.68417
32.08414 34.79995
32.08414 34.79995
51.50853 -0.12574
52.3824 4.8995
52.3824 4.8995
52.3824 4.8995
52.3824 4.8995
52.3824 4.8995
52.3824 4.8995
52.3824 4.8995
52.3824 4.8995
52.37302 4.89856
40.4172 -3.684
52.3824 4.8995
47.0 8.0
47.0 8.0
51.50853 -0.12574
51.50853 -0.12574
50.11552 8.68417
48.13743 11.57549
50.11552 8.68417
50.11552 8.68417
52.3824 4.8995
52.3824 4.8995
51.4 6.6
52.3824 4.8995
52.3824 4.8995
52.3824 4.8995
52.3824 4.8995
52.3824 4.8995
52.3824 4.8995
52.3824 4.8995
52.37403 4.88969
-5.08917 -42.80194
-5.08917 -42.80194
51.50853 -0.12574
34.05223 -118.24368
-2.0341 147.27173
4.5981 -74.0758
4.5981 -74.0758
30.3125 -95.4527
36.144 -80.2376
32.5817 -97.1399
32.831 -96.7692
34.05223 -118.24368
34.05223 -118.24368
40.4406 -109.5469
40.4406 -109.5469
40.4406 -109.5469
40.4406 -109.5469
40.4406 -109.5469
47.0 8.0
48.85341 2.3488
48.85341 2.3488
48.85341 2.3488
48.85341 2.3488
48.85341 2.3488
48.8582 2.3387
51.47115 -0.45649
50.85045 4.34878
50.11552 8.68417
42.06246 -104.18439
42.06246 -104.18439
45.66293 7.85791
44.1915 -78.0575
36.144 -80.2376
36.144 -80.2376
51.50853 -0.12574
51.4964 -0.1224
32.08414 34.79995
53.3472 -6.2439
41.85003 -87.65005
37.93524 -109.34176
40.71427 -74.00597
41.85003 -87.65005
41.8777 -87.6376
41.85003 -87.65005
41.85003 -87.65005
41.85003 -87.65005
41.85003 -87.65005
38.89511 -77.03637
38.89511 -77.03637
37.751 -97.822
42.76537 -71.46757
51.50853 -0.12574
51.4964 -0.1224
25.2925 51.5321
53.33306 -6.24889
53.3472 -6.2439
53.3472 -6.2439
53.33306 -6.24889
40.4165 -3.70256
51.2993 9.491
33.749 -84.38798
16.24125 -61.53614
32.84707 -96.85195
38.9208 -77.036
32.84707 -96.85195
32.84707 -96.85195
51.50853 -0.12574
5.48361 -74.6574
41.01384 28.94966
48.8582 2.3387
32.84707 -96.85195
37.93524 -109.34176
32.84707 -96.85195
32.84707 -96.85195
32.84707 -96.85195
51.2993 9.491
53.3472 -6.2439
41.01384 28.94966
50.85045 4.34878
53.3472 -6.2439
50.85045 4.34878
37.44188 -122.14302
42.3996 -71.1246
41.8777 -87.6376
53.3472 -6.2439
48.8582 2.3387
51.2993 9.491
50.11552 8.68417
34.05223 -118.24368
34.0447 -118.2946
34.05223 -118.24368
34.05223 -118.24368
50.11552 8.68417
47.0 8.0
50.08804 14.42076
50.11552 8.68417
32.84707 -96.85195
50.11552 8.68417
50.11552 8.68417
50.11552 8.68417
32.84707 -96.85195
32.84707 -96.85195
63.73278 -148.91417
19.681 -99.085
37.44188 -122.14302
43.29695 5.38107
32.84707 -96.85195
32.84707 -96.85195
33.749 -84.38798
30.1204 -81.4128
33.749 -84.38798
32.84707 -96.85195
48.85341 2.3488
48.91667 2.38333
48.91667 2.38333
48.85341 2.3488
51.50853 -0.12574
51.50853 -0.12574
51.50853 -0.12574
32.0 -5.0
34.0138 -6.8443
33.5922 -7.6184
32.0 -5.0
48.8582 2.3387
32.0 -5.0
32.0 -5.0
34.0138 -6.8443
48.8582 2.3387
34.0138 -6.8443
33.5922 -7.6184
51.50853 -0.12574
37.751 -97.822
47.0 8.0
47.0 8.0
47.0 8.0
47.0 8.0
47.0 8.0
37.751 -97.822
37.751 -97.822
37.751 -97.822
37.751 -97.822
42.76537 -71.46757
37.751 -97.822
37.751 -97.822
42.35843 -71.05977
37.751 -97.822
37.0798 -79.3
37.751 -97.822
37.751 -97.822
37.751 -97.822
37.751 -97.822
37.751 -97.822
37.751 -97.822
41.85003 -87.65005
37.751 -97.822
26.1792 -80.1749
37.751 -97.822
26.1792 -80.1749
37.751 -97.822
37.751 -97.822
37.751 -97.822
37.751 -97.822
44.7499 -93.2081
37.751 -97.822
44.7499 -93.2081
37.751 -97.822
37.751 -97.822
37.751 -97.822
37.751 -97.822
37.751 -97.822
37.751 -97.822
37.751 -97.822
37.751 -97.822
37.751 -97.822
37.751 -97.822
37.751 -97.822
37.751 -97.822
37.751 -97.822
37.751 -97.822
37.751 -97.822
37.751 -97.822
37.751 -97.822
37.751 -97.822
37.751 -97.822
37.751 -97.822
37.751 -97.822
37.751 -97.822
37.751 -97.822
37.751 -97.822
37.751 -97.822
37.751 -97.822
37.751 -97.822
37.751 -97.822
37.751 -97.822
37.751 -97.822
37.751 -97.822
37.751 -97.822
37.751 -97.822
37.751 -97.822
37.751 -97.822
37.751 -97.822
37.751 -97.822
37.751 -97.822
37.751 -97.822
37.751 -97.822
37.751 -97.822
37.751 -97.822
37.751 -97.822
37.751 -97.822
37.751 -97.822
37.751 -97.822
37.751 -97.822
37.751 -97.822
37.751 -97.822
37.751 -97.822
37.751 -97.822
37.751 -97.822
37.751 -97.822
37.751 -97.822
37.751 -97.822
37.751 -97.822
37.751 -97.822
37.751 -97.822
37.751 -97.822
37.751 -97.822
37.751 -97.822
37.751 -97.822
37.751 -97.822
37.751 -97.822
37.751 -97.822
37.751 -97.822
37.751 -97.822
37.751 -97.822
37.751 -97.822
37.751 -97.822
37.751 -97.822
37.751 -97.822
37.751 -97.822
10.0 -84.0
37.751 -97.822
37.751 -97.822
37.751 -97.822
37.751 -97.822
37.751 -97.822
37.751 -97.822
41.85003 -87.65005
37.751 -97.822
37.751 -97.822
37.751 -97.822
37.751 -97.822
37.751 -97.822
48.8582 2.3387
52.3824 4.8995
51.50853 -0.12574
32.08414 34.79995
51.50853 -0.12574
51.50853 -0.12574
51.4964 -0.1224
52.37403 4.88969
37.751 -97.822
52.37403 4.88969
53.3472 -6.2439
52.3824 4.8995
52.3824 4.8995
52.3824 4.8995
52.37403 4.88969
52.37403 4.88969
52.3824 4.8995
52.37403 4.88969
52.3824 4.8995
52.3824 4.8995
52.37403 4.88969
52.3824 4.8995
52.37403 4.88969
52.37403 4.88969
52.3824 4.8995
52.37403 4.88969
52.37403 4.88969
52.3824 4.8995
52.37403 4.88969
52.3824 4.8995
52.3824 4.8995
52.3824 4.8995
52.3824 4.8995
48.8582 2.3387
59.95 10.75
59.95 10.75
59.95 10.75
59.95 10.75
59.95 10.75
59.95 10.75
59.95 10.75
59.95 10.75
59.95 10.75
59.95 10.75
59.95 10.75
59.95 10.75
59.95 10.75
59.95 10.75
59.5 18.0
59.95 10.75
59.95 10.75
59.95 10.75
59.95 10.75
59.95 10.75
59.95 10.75
59.95 10.75
51.50853 -0.12574
59.95 10.75
59.95 10.75
59.95 10.75
59.95 10.75
59.95 10.75
59.95 10.75
59.95 10.75
59.3 18.05
59.95 10.75
59.95 10.75
59.3247 18.056
59.95 10.75
59.95 10.75
31.75872 -106.48693
44.8769 -93.2535
37.751 -97.822
44.8769 -93.2535
42.59726 -82.87798
42.59726 -82.87798
19.42847 -99.12766
19.4371 -99.0111
19.4371 -99.0111
19.42847 -99.12766
51.4964 -0.1224
51.4964 -0.1224
51.4964 -0.1224
51.4964 -0.1224
51.4964 -0.1224
51.4964 -0.1224
51.4964 -0.1224
51.4964 -0.1224
51.4964 -0.1224
51.4964 -0.1224
51.4964 -0.1224
51.4964 -0.1224
51.4964 -0.1224
51.4964 -0.1224
51.4964 -0.1224
51.50853 -0.12574
51.4964 -0.1224
57.4872 12.0761
25.67507 -100.31847
19.0439 -98.1984
41.85003 -87.65005
19.0439 -98.1984
14.64072 -90.51327
19.0439 -98.1984
19.0439 -98.1984
19.0439 -98.1984
19.4371 -99.0111
19.4371 -99.0111
19.0393 -98.3343
19.0393 -98.3343
19.42847 -99.12766
33.8336 -84.3797
19.4371 -99.0111
33.8336 -84.3797
19.0439 -98.1984
19.4342 -99.1386
19.4342 -99.1386
19.4342 -99.1386
19.4342 -99.1386
21.123 -101.66
19.4371 -99.0111
-25.3667 141.933
21.123 -101.66
21.123 -101.66
19.0393 -98.3343
19.0439 -98.1984
19.0439 -98.1984
19.4342 -99.1386
40.67693 -77.62746
19.0439 -98.1984
19.4371 -99.0111
28.05155 9.64291
33.5922 -7.6184
30.0355 31.223
30.0778 31.2852
30.0355 31.223
51.50853 -0.12574
32.08414 34.79995
50.11552 8.68417
25.2925 51.5321
25.2925 51.5321
25.2925 51.5321
25.2925 51.5321
44.0 21.0
44.0 21.0
44.0 21.0
44.0 21.0
37.751 -97.822
41.01384 28.94966
52.1252 5.0309
51.4964 -0.1224
51.4964 -0.1224
55.6786 12.5589
52.37403 4.88969
51.5142 -0.0931
13.5 -15.5
29.9359 -95.4014
32.831 -96.7692
5.48361 -74.6574
29.3375 47.6581
29.3375 47.6581
51.50853 -0.12574
52.3824 4.8995
29.3375 47.6581
29.3375 47.6581
29.3375 47.6581
29.3375 47.6581
10.63167 -71.64056
29.3375 47.6581
29.3375 47.6581
29.3375 47.6581
37.751 -97.822
37.751 -97.822
37.751 -97.822
30.1759 -83.0304
40.71427 -74.00597
28.53834 -81.37924
25.77427 -80.19366
15.5 -90.25
37.751 -97.822
40.4172 -3.684
33.52066 -86.80249
33.52066 -86.80249
33.521 -86.8066
33.52066 -86.80249
29.76328 -95.36327
29.76328 -95.36327
42.558 -82.998
34.05223 -118.24368
34.05223 -118.24368
26.20341 -98.23001
25.67507 -100.31847
26.20341 -98.23001
25.67507 -100.31847
27.50641 -99.50754
25.4167 -101.0167
19.681 -99.085
30.33218 -81.65565
30.33218 -81.65565
-2.20584 -79.90795
30.2687 -81.7473
30.2687 -81.7473
30.2687 -81.7473
35.22709 -80.84313
35.22709 -80.84313
34.05223 -118.24368
34.05223 -118.24368
19.42847 -99.12766
19.42847 -99.12766
19.4342 -99.1386
35.22709 -80.84313
41.8777 -87.6376
41.4995 -81.69541
41.4995 -81.69541
41.97959 -87.90446
41.8777 -87.6376
41.97959 -87.90446
19.4168 -99.5587
42.3489 -71.0465
39.95233 -75.16379
39.95233 -75.16379
26.20341 -98.23001
37.751 -97.822
37.751 -97.822
26.20341 -98.23001
26.20341 -98.23001
26.20341 -98.23001
19.42847 -99.12766
26.20341 -98.23001
25.6554 -100.3258
26.2516 -98.2271
26.2516 -98.2271
20.66682 -103.39182
20.58806 -100.38806
19.4371 -99.0111
29.76328 -95.36327
20.58806 -100.38806
33.52066 -86.80249
32.78306 -96.80667
32.78306 -96.80667
26.20341 -98.23001
27.50641 -99.50754
25.67507 -100.31847
38.94877 -77.4491
38.9208 -77.036
38.94877 -77.4491
26.35869 -80.0831
26.35869 -80.0831
26.3481 -80.1104
26.35869 -80.0831
26.35869 -80.0831
47.36667 8.55
51.50853 -0.12574
48.58392 7.74553
48.58392 7.74553
48.58392 7.74553
37.751 -97.822
50.85045 4.34878
33.52066 -86.80249
33.749 -84.38798
40.63983 -73.77874
40.63983 -73.77874
39.95233 -75.16379
40.63983 -73.77874
40.63983 -73.77874
40.63983 -73.77874
30.03593 -90.02561
43.00035 -75.4999
41.66394 -83.55521
41.4995 -81.69541
41.85003 -87.65005
42.65258 -73.75623
39.96118 -82.99879
39.11417 -94.62746
41.97959 -87.90446
40.44062 -79.99589
30.2687 -81.7473
53.79648 -1.54785
37.33939 -121.89496
37.33939 -121.89496
37.33939 -121.89496
37.33939 -121.89496
37.33939 -121.89496
41.97959 -87.90446
32.78306 -96.80667
32.78306 -96.80667
31.4782 -100.4818
29.42412 -98.49363
29.76328 -95.36327
19.681 -99.085
34.05223 -118.24368
47.0 8.0
34.05223 -118.24368
47.0 8.0
43.00035 -75.4999
33.749 -84.38798
33.749 -84.38798
32.78306 -96.80667
29.76328 -95.36327
32.78306 -96.80667
32.78306 -96.80667
32.78306 -96.80667
5.48361 -74.6574
25.77427 -80.19366
25.77427 -80.19366
38.94877 -77.4491
40.63983 -73.77874
45.46427 9.18951
40.63983 -73.77874
40.63983 -73.77874
40.63983 -73.77874
48.85341 2.3488
33.44838 -112.07404
33.44838 -112.07404
34.4179 -117.3064
42.88645 -78.87837
43.25011 -79.84963
47.0 8.0
47.0 8.0
44.0354 -75.754
38.94877 -77.4491
35.7721 -78.63861
29.76328 -95.36327
33.749 -84.38798
25.77427 -80.19366
36.16589 -86.78444
33.749 -84.38798
25.77427 -80.19366
25.77427 -80.19366
25.77427 -80.19366
33.749 -84.38798
38.94877 -77.4491
38.85233 -77.0372
38.85233 -77.0372
25.77427 -80.19366
33.749 -84.38798
33.8336 -84.3797
44.97997 -93.26384
41.97959 -87.90446
32.78306 -96.80667
40.1702 -76.4168
34.05223 -118.24368
34.05223 -118.24368
34.05223 -118.24368
34.05223 -118.24368
34.05223 -118.24368
34.05223 -118.24368
36.17497 -115.13722
32.831 -96.7692
34.7725 113.7266
34.7725 113.7266
37.751 -97.822
32.78306 -96.80667
32.78306 -96.80667
34.05223 -118.24368
34.0447 -118.2946
43.68066 -79.61286
41.4995 -81.69541
39.11417 -94.62746
41.97959 -87.90446
39.73915 -104.9847
39.96118 -82.99879
41.4712 -81.5248
25.77427 -80.19366
47.0 8.0
34.05223 -118.24368
34.05223 -118.24368
36.17497 -115.13722
41.97959 -87.90446
41.97959 -87.90446
29.76328 -95.36327
30.26715 -97.74306
29.95465 -90.07507
29.76328 -95.36327
29.76328 -95.36327
29.76328 -95.36327
31.7212 -106.4624
29.42412 -98.49363
-33.0 -56.0
26.20341 -98.23001
32.78306 -96.80667
32.78306 -96.80667
32.78306 -96.80667
36.15398 -95.99277
32.78306 -96.80667
32.84707 -96.85195
41.66394 -83.55521
43.68066 -79.61286
39.162 -84.45689
41.97959 -87.90446
19.4371 -99.0111
40.63983 -73.77874
32.78306 -96.80667
32.78306 -96.80667
39.11417 -94.62746
37.33939 -121.89496
39.95233 -75.16379
39.95233 -75.16379
32.78306 -96.80667
40.63983 -73.77874
51.50853 -0.12574
51.47115 -0.45649
38.94877 -77.4491
37.55376 -77.46026
38.85233 -77.0372
38.9208 -77.036
35.22709 -80.84313
38.94877 -77.4491
39.0006 -77.1003
37.2563 -80.4347
38.93 -77.35
37.33939 -121.89496
37.77493 -122.41942
43.6644 -79.4195
45.50884 -73.58781
53.41058 -2.97794
39.73915 -104.9847
40.76078 -111.89105
37.77493 -122.41942
35.14953 -90.04898
35.46756 -97.51643
48.20849 16.37208
53.33306 -6.24889
8.0 -2.0
48.85341 2.3488
53.41058 -2.97794
52.37302 4.89856
47.0 8.0
37.33939 -121.89496
42.35843 -71.05977
37.751 -97.822
40.76078 -111.89105
30.1441 -95.4703
37.751 -97.822
37.751 -97.822
45.50884 -73.58781
37.751 -97.822
41.97959 -87.90446
41.97959 -87.90446
41.97959 -87.90446
43.0389 -87.90647
41.8777 -87.6376
41.8777 -87.6376
41.8777 -87.6376
38.8452 -77.4651
32.78306 -96.80667
32.22174 -110.92648
32.29876 -90.18481
42.65258 -73.75623
45.50884 -73.58781
38.62727 -90.19789
34.086 -98.5708
37.751 -97.822
41.4995 -81.69541
41.85003 -87.65005
36.15398 -95.99277
41.85003 -87.65005
10.48801 -66.87919
32.831 -96.7692
19.4371 -99.0111
44.97997 -93.26384
41.8777 -87.6376
37.751 -97.822
38.9208 -77.036
39.04372 -77.48749
47.0 8.0
25.6666 -80.4036
32.78306 -96.80667
34.0409 -84.0237
33.6926 -84.2509
48.85341 2.3488
40.71427 -74.00597
42.65258 -73.75623
51.50853 -0.12574
37.751 -97.822
47.0 8.0
43.29695 5.38107
50.345 30.89472
47.49801 19.03991
33.749 -84.38798
41.97959 -87.90446
36.15398 -95.99277
40.73566 -74.17237
37.751 -97.822
42.3489 -71.0465
42.3737 -71.1284
42.3737 -71.1284
42.26259 -71.80229
42.35843 -71.05977
40.4325 -79.863
26.1792 -80.1749
26.1792 -80.1749
32.84707 -96.85195
47.60621 -122.33207
39.73915 -104.9847
37.33939 -121.89496
37.33939 -121.89496
37.33939 -121.89496
37.33939 -121.89496
37.33939 -121.89496
37.33939 -121.89496
37.33939 -121.89496
37.33939 -121.89496
37.33939 -121.89496
37.33939 -121.89496
37.33939 -121.89496
37.33939 -121.89496
41.85003 -87.65005
40.71427 -74.00597
41.85003 -87.65005
51.50853 -0.12574
6.4474 3.3903
51.5142 -0.0931
51.50853 -0.12574
43.29695 5.38107
-20.2833 57.55
34.9947 -81.2245
39.11417 -94.62746
42.47926 -71.15228
38.97167 -95.23525
52.2 0.11667
52.52437 13.41053
37.751 -97.822
39.89095 -75.07295
24.5615 -81.7818
25.8489 -80.145
37.5828 -75.8066
24.5615 -81.7818
37.751 -97.822
37.751 -97.822
37.751 -97.822
43.6319 -79.3716
-21.10044 55.60206
34.7725 113.7266
37.751 -97.822
37.751 -97.822
37.751 -97.822
37.751 -97.822
37.751 -97.822
37.751 -97.822
37.751 -97.822
34.7599 -79.4673
37.751 -97.822
-26.20227 28.04363
37.751 -97.822
47.50012 -120.50147
39.04372 -77.48749
37.751 -97.822
32.73569 -97.10807
37.751 -97.822
37.751 -97.822
37.751 -97.822
19.4371 -99.0111
37.751 -97.822
37.751 -97.822
41.85003 -87.65005
37.751 -97.822
37.751 -97.822
42.73698 -84.48387
37.751 -97.822
-26.20227 28.04363
-26.20227 28.04363
37.751 -97.822
42.76537 -71.46757
37.751 -97.822
37.751 -97.822
37.751 -97.822
37.751 -97.822
37.751 -97.822
37.751 -97.822
37.751 -97.822
37.751 -97.822
37.751 -97.822
37.751 -97.822
37.751 -97.822
37.751 -97.822
37.751 -97.822
37.751 -97.822
25.77427 -80.19366
37.751 -97.822
37.751 -97.822
37.751 -97.822
37.751 -97.822
37.751 -97.822
51.4964 -0.1224
51.50853 -0.12574
37.751 -97.822
41.6677 -72.1681
37.751 -97.822
39.0481 -77.4728
41.7982 -71.8807
42.76537 -71.46757
34.59593 -92.48905
37.36883 -122.03635
34.05223 -118.24368
34.05223 -118.24368
30.1204 -81.4128
41.85003 -87.65005
41.85003 -87.65005
41.85003 -87.65005
41.85003 -87.65005
41.85003 -87.65005
41.85003 -87.65005
41.85003 -87.65005
41.6677 -72.1681
41.6677 -72.1681
41.6677 -72.1681
41.85003 -87.65005
41.85003 -87.65005
41.85003 -87.65005
41.85003 -87.65005
41.85003 -87.65005
41.85003 -87.65005
41.85003 -87.65005
41.85003 -87.65005
41.85003 -87.65005
41.85003 -87.65005
41.85003 -87.65005
33.749 -84.38798
33.749 -84.38798
33.749 -84.38798
33.749 -84.38798
30.1204 -81.4128
37.33939 -121.89496
30.1204 -81.4128
47.60621 -122.33207
47.0 8.0
42.8984 -78.5257
18.25 -77.5
40.7347 -73.723
38.89511 -77.03637
38.89511 -77.03637
38.89511 -77.03637
40.7347 -73.723
19.681 -99.085
63.73278 -148.91417
40.7347 -73.723
41.6677 -72.1681
37.751 -97.822
37.751 -97.822
37.751 -97.822
37.751 -97.822
37.751 -97.822
37.751 -97.822
37.751 -97.822
30.1759 -83.0304
30.1759 -83.0304
38.89511 -77.03637
37.751 -97.822
38.89511 -77.03637
38.89511 -77.03637
38.89511 -77.03637
38.89511 -77.03637
38.89511 -77.03637
38.89511 -77.03637
38.89511 -77.03637
38.89511 -77.03637
38.89511 -77.03637
37.751 -97.822
32.84707 -96.85195
37.751 -97.822
40.63983 -73.77874
37.751 -97.822
38.0964 -78.9929
41.85003 -87.65005
41.85003 -87.65005
41.85003 -87.65005
41.85003 -87.65005
41.85003 -87.65005
41.85003 -87.65005
37.93524 -109.34176
38.89511 -77.03637
38.89511 -77.03637
38.89511 -77.03637
38.89511 -77.03637
38.89511 -77.03637
38.89511 -77.03637
40.71427 -74.00597
38.89511 -77.03637
38.89511 -77.03637
38.89511 -77.03637
38.89511 -77.03637
38.89511 -77.03637
38.89511 -77.03637
38.89511 -77.03637
38.89511 -77.03637
38.89511 -77.03637
38.89511 -77.03637
38.89511 -77.03637
38.89511 -77.03637
38.89511 -77.03637
32.84707 -96.85195
37.44188 -122.14302
37.44188 -122.14302
37.44188 -122.14302
37.44188 -122.14302
41.85003 -87.65005
41.85003 -87.65005
41.85003 -87.65005
32.84707 -96.85195
32.84707 -96.85195
41.85003 -87.65005
41.85003 -87.65005
41.85003 -87.65005
41.85003 -87.65005
41.85003 -87.65005
37.33939 -121.89496
37.33939 -121.89496
37.44188 -122.14302
37.33939 -121.89496
37.33939 -121.89496
40.71427 -74.00597
40.71427 -74.00597
40.71427 -74.00597
40.71427 -74.00597
40.71427 -74.00597
40.71427 -74.00597
40.71427 -74.00597
37.751 -97.822
34.0447 -118.2946
34.0447 -118.2946
34.0447 -118.2946
34.0447 -118.2946
34.0447 -118.2946
37.751 -97.822
32.84707 -96.85195
32.84707 -96.85195
32.84707 -96.85195
32.84707 -96.85195
32.84707 -96.85195
47.0 8.0
4.5981 -74.0758
25.77427 -80.19366
25.77427 -80.19366
25.77427 -80.19366
1.3667 103.8
1.3667 103.8
1.3667 103.8
32.84707 -96.85195
37.44188 -122.14302
37.44188 -122.14302
39.7501 -104.9957
39.73915 -104.9847
35.2132 -80.8231
28.1091 -80.5787
34.05223 -118.24368
34.0447 -118.2946
52.37403 4.88969
-17.7486 139.534
53.5039 -2.1959
52.37403 4.88969
51.50853 -0.12574
52.37403 4.88969
40.4172 -3.684
40.4172 -3.684
40.4172 -3.684
40.4172 -3.684
40.4172 -3.684
40.71427 -74.00597
40.4172 -3.684
40.4172 -3.684
40.4172 -3.684
40.4172 -3.684
40.4172 -3.684
40.4172 -3.684
40.4172 -3.684
40.4172 -3.684
40.4172 -3.684
40.4172 -3.684
40.4172 -3.684
40.4172 -3.684
40.4172 -3.684
40.4172 -3.684
40.4172 -3.684
47.6144 -122.3447
51.50853 -0.12574
40.4172 -3.684
40.4172 -3.684
40.4172 -3.684
40.4172 -3.684
40.4172 -3.684
40.4172 -3.684
40.4172 -3.684
40.4172 -3.684
40.4172 -3.684
48.85341 2.3488
40.4172 -3.684
40.4172 -3.684
40.4172 -3.684
47.6144 -122.3447
40.4172 -3.684
40.4172 -3.684
40.4172 -3.684
37.751 -97.822
40.4172 -3.684
40.4172 -3.684
40.4172 -3.684
40.4172 -3.684
40.4172 -3.684
40.4172 -3.684
40.4172 -3.684
40.4172 -3.684
40.4172 -3.684
40.4172 -3.684
40.4172 -3.684
40.4172 -3.684
40.4172 -3.684
40.4172 -3.684
40.4172 -3.684
40.4172 -3.684
40.4172 -3.684
40.4172 -3.684
40.4172 -3.684
40.4172 -3.684
40.4172 -3.684
40.4172 -3.684
40.4172 -3.684
40.4172 -3.684
40.4172 -3.684
40.4172 -3.684
40.4172 -3.684
40.4172 -3.684
40.4172 -3.684
40.4172 -3.684
40.4172 -3.684
40.4172 -3.684
40.4172 -3.684
40.4172 -3.684
40.4172 -3.684
40.4172 -3.684
40.4172 -3.684
40.4172 -3.684
40.4172 -3.684
40.4172 -3.684
40.4172 -3.684
40.4172 -3.684
40.4172 -3.684
40.4172 -3.684
40.4172 -3.684
40.4172 -3.684
40.4172 -3.684
40.4172 -3.684
40.4172 -3.684
40.4172 -3.684
40.4172 -3.684
40.4172 -3.684
40.4172 -3.684
40.4172 -3.684
40.4172 -3.684
40.4172 -3.684
-2.20584 -79.90795
40.4172 -3.684
40.4172 -3.684
40.4172 -3.684
40.4172 -3.684
40.4172 -3.684
40.4172 -3.684
40.4172 -3.684
40.4172 -3.684
40.4172 -3.684
40.4172 -3.684
40.4172 -3.684
40.4172 -3.684
40.4172 -3.684
25.77427 -80.19366
40.4172 -3.684
40.4172 -3.684
40.85631 14.24641
10.63167 -71.64056
14.0 -14.0
14.0 -14.0
13.8333 -88.9167
13.8333 -88.9167
40.4172 -3.684
40.4172 -3.684
40.4172 -3.684
40.4172 -3.684
40.4172 -3.684
37.751 -97.822
40.4172 -3.684
40.4172 -3.684
40.4172 -3.684
40.4172 -3.684
40.4172 -3.684
40.4172 -3.684
40.4172 -3.684
40.4172 -3.684
40.4172 -3.684
40.4172 -3.684
40.4172 -3.684
40.4172 -3.684
47.6144 -122.3447
40.4172 -3.684
40.4172 -3.684
48.8582 2.3387
15.5 -90.25
37.5112 126.9741
20.0 77.0
1.3667 103.8
1.3667 103.8
1.3667 103.8
47.0 8.0
47.0 8.0
1.3667 103.8
1.3667 103.8
51.50853 -0.12574
37.751 -97.822
37.751 -97.822
37.751 -97.822
47.0 8.0
47.0 8.0
52.3824 4.8995
1.3667 103.8
1.3667 103.8
1.3667 103.8
1.3667 103.8
37.751 -97.822
37.751 -97.822
47.0 8.0
37.751 -97.822
37.751 -97.822
37.751 -97.822
37.751 -97.822
37.751 -97.822
32.78306 -96.80667
34.05223 -118.24368
37.751 -97.822
47.0 8.0
47.0 8.0
47.0 8.0
47.0 8.0
51.50853 -0.12574
20.0 77.0
47.0 8.0
43.2627 -2.9253
47.0 8.0
-22.0 -49.0
20.0 77.0
8.0 -2.0
41.85003 -87.65005
40.1524 -82.882
41.85003 -87.65005
33.749 -84.38798
40.71427 -74.00597
40.78343 -73.96625
42.73698 -84.48387
44.97997 -93.26384
44.97997 -93.26384
44.97997 -93.26384
30.33218 -81.65565
25.77427 -80.19366
42.35843 -71.05977
42.06246 -104.18439
48.85341 2.3488
40.71427 -74.00597
37.751 -97.822
40.71427 -74.00597
53.33306 -6.24889
34.05223 -118.24368
37.751 -97.822
40.71427 -74.00597
42.59726 -82.87798
29.76328 -95.36327
37.751 -97.822
34.05223 -118.24368
53.48095 -2.23743
42.76537 -71.46757
48.20849 16.37208
47.49801 19.03991
4.5981 -74.0758
4.5981 -74.0758
52.37403 4.88969
51.50853 -0.12574
42.76537 -71.46757
27.94752 -82.45843
32.84707 -96.85195
36.16589 -86.78444
32.84707 -96.85195
33.44838 -112.07404
33.749 -84.38798
33.749 -84.38798
33.749 -84.38798
35.69 139.69
43.29695 5.38107
41.85003 -87.65005
48.13743 11.57549
40.71427 -74.00597
40.71427 -74.00597
35.22709 -80.84313
34.05223 -118.24368
34.05223 -118.24368
34.05223 -118.24368
39.11417 -94.62746
39.11417 -94.62746
42.59726 -82.87798
37.751 -97.822
37.751 -97.822
44.8769 -93.2535
29.9658 -96.2531
32.84707 -96.85195
39.73915 -104.9847
39.73915 -104.9847
45.81444 15.97798
51.50853 -0.12574
51.50853 -0.12574
39.73915 -104.9847
39.73915 -104.9847
4.5981 -74.0758
48.20849 16.37208
37.33939 -121.89496
41.25861 -95.93779
40.71427 -74.00597
47.36667 8.55
50.11552 8.68417
42.06246 -104.18439
51.22172 6.77616
32.08414 34.79995
4.5981 -74.0758
34.05223 -118.24368
34.05223 -118.24368
51.50853 -0.12574
51.50853 -0.12574
35.22709 -80.84313
52.37403 4.88969
37.751 -97.822
41.82399 -71.41283
41.82399 -71.41283
36.17497 -115.13722
37.751 -97.822
37.751 -97.822
37.751 -97.822
19.625 -99.1425
32.84707 -96.85195
37.751 -97.822
37.751 -97.822
37.751 -97.822
37.751 -97.822
37.751 -97.822
51.50853 -0.12574
35.6961 51.4231
12.0 -15.0
52.22977 21.01178
55.7386 37.6068
34.05223 -118.24368
39.91667 32.83333
39.91667 32.83333
39.91667 32.83333
39.91667 32.83333
39.91667 32.83333
39.91667 32.83333
39.91667 32.83333
39.91667 32.83333
39.91667 32.83333
39.91667 32.83333
39.91667 32.83333
39.91667 32.83333
39.91667 32.83333
39.91667 32.83333
39.91667 32.83333
39.91667 32.83333
39.91667 32.83333
39.91667 32.83333
39.91667 32.83333
39.91667 32.83333
39.91667 32.83333
39.91667 32.83333
39.91667 32.83333
39.91667 32.83333
39.91667 32.83333
39.91667 32.83333
39.91667 32.83333
39.91667 32.83333
39.91667 32.83333
39.91667 32.83333
40.4172 -3.684
9.9295 -84.0884
15.5 -90.25
9.9295 -84.0884
15.5 -90.25
15.0 -86.5
15.5 -90.25
10.0 -84.0
15.5 -90.25
10.0 -84.0
-22.0 -49.0
42.73253 -84.55553
19.4371 -99.0111
19.4371 -99.0111
55.6769 37.2731
56.003 92.7993
55.7386 37.6068
56.003 92.7993
25.77427 -80.19366
25.6666 -80.4036
21.0873 -86.8953
21.0873 -86.8953
19.1091 -104.2606
19.1091 -104.2606
18.0001 -93.088
18.1503 -92.8609
19.681 -99.085
19.4342 -99.1386
21.123 -101.66
20.8796 -103.8467
19.681 -99.085
19.4168 -99.5587
19.4371 -99.0111
19.681 -99.085
21.123 -101.66
23.9168 -104.9521
18.0001 -93.088
19.34 -99.1568
19.4371 -99.0111
19.4371 -99.0111
19.4371 -99.0111
19.4371 -99.0111
19.681 -99.085
19.4168 -99.5587
19.625 -99.1425
19.681 -99.085
19.625 -99.1425
19.4371 -99.0111
20.7594 -100.4324
19.4371 -99.0111
40.67693 -77.62746
25.7574 -100.3123
20.7594 -100.4324
19.4371 -99.0111
19.4342 -99.1386
19.4371 -99.0111
19.4371 -99.0111
19.4371 -99.0111
25.6554 -100.3258
25.6554 -100.3258
19.4371 -99.0111
25.6554 -100.3258
19.4371 -99.0111
25.6554 -100.3258
25.6572 -100.4027
20.6668 -103.3926
20.6668 -103.3926
20.6668 -103.3926
20.6668 -103.3926
20.6668 -103.3926
19.4371 -99.0111
19.4371 -99.0111
19.0393 -98.3343
19.42847 -99.12766
19.0393 -98.3343
19.4371 -99.0111
19.4371 -99.0111
19.4371 -99.0111
19.4371 -99.0111
19.4371 -99.0111
19.4371 -99.0111
19.4371 -99.0111
19.42847 -99.12766
19.42847 -99.12766
19.3173 -99.0867
47.0 8.0
19.42847 -99.12766
19.0393 -98.3343
37.751 -97.822
19.0393 -98.3343
19.0393 -98.3343
19.0393 -98.3343
19.3173 -99.0867
19.4371 -99.0111
19.4371 -99.0111
19.4371 -99.0111
19.4371 -99.0111
19.0393 -98.3343
19.4371 -99.0111
19.4371 -99.0111
19.0393 -98.3343
20.6668 -103.3926
19.0393 -98.3343
19.0393 -98.3343
19.0393 -98.3343
19.0393 -98.3343
19.0393 -98.3343
19.0393 -98.3343
19.0393 -98.3343
20.6668 -103.3926
19.0393 -98.3343
19.0393 -98.3343
25.7574 -100.3123
25.7574 -100.3123
19.4371 -99.0111
19.4371 -99.0111
19.4371 -99.0111
-25.3667 141.933
20.7594 -100.4324
19.4371 -99.0111
20.7594 -100.4324
19.4371 -99.0111
19.4371 -99.0111
37.751 -97.822
25.77427 -80.19366
15.5 -90.25
47.0 8.0
15.5 -90.25
18.4657 -69.894
38.94877 -77.4491
47.0 8.0
32.84707 -96.85195
37.751 -97.822
4.5981 -74.0758
47.0 8.0
38.02931 -78.47668
41.3847 -81.7982
39.04372 -77.48749
42.73698 -84.48387
42.88344 -124.07315
42.73698 -84.48387
42.73698 -84.48387
42.73698 -84.48387
37.751 -97.822
45.66293 7.85791
45.66293 7.85791
45.66293 7.85791
45.66293 7.85791
45.66293 7.85791
45.66293 7.85791
13.16667 -59.53333
13.16667 -59.53333
45.66293 7.85791
45.66293 7.85791
25.6666 -80.4036
42.8864 -78.8781
42.8864 -78.8781
45.5307 -73.5547
47.0 8.0
47.0 8.0
43.00035 -75.4999
47.1449 8.1551
47.0862 7.5273
47.3664 8.5546
47.1449 8.1551
47.0862 7.5273
12.0 -15.0
14.0 -14.0
14.0 -14.0
40.77607 -73.87269
12.0 -15.0
48.8582 2.3387
48.85341 2.3488
50.11552 8.68417
48.91667 2.38333
12.0 -15.0
50.11552 8.68417
14.0 -14.0
14.0 -14.0
40.6959 -80.01173
48.8582 2.3387
51.4964 -0.1224
53.79391 -8.91961
53.79391 -8.91961
53.79391 -8.91961
53.79391 -8.91961
48.8582 2.3387
53.79391 -8.91961
53.79391 -8.91961
53.79391 -8.91961
53.79391 -8.91961
51.4964 -0.1224
53.79391 -8.91961
53.79391 -8.91961
53.79391 -8.91961
53.79391 -8.91961
48.8582 2.3387
53.79391 -8.91961
53.79391 -8.91961
51.50853 -0.12574
51.4964 -0.1224
47.0 8.0
50.08804 14.42076
50.11552 8.68417
55.7386 37.6068
32.1658 34.8367
46.47747 30.73262
25.06729 -77.96937
47.49801 19.03991
48.20849 16.37208
52.22977 21.01178
52.22977 21.01178
52.22977 21.01178
51.50853 -0.12574
39.91667 32.83333
39.91667 32.83333
39.91667 32.83333
39.91667 32.83333
39.91667 32.83333
39.91667 32.83333
39.91667 32.83333
39.91667 32.83333
39.91667 32.83333
39.91667 32.83333
39.91667 32.83333
39.91667 32.83333
39.91667 32.83333
39.91667 32.83333
39.91667 32.83333
39.91667 32.83333
39.91667 32.83333
39.91667 32.83333
39.91667 32.83333
39.91667 32.83333
39.91667 32.83333
39.91667 32.83333
39.91667 32.83333
39.91667 32.83333
39.91667 32.83333
39.91667 32.83333
39.91667 32.83333
39.91667 32.83333
39.91667 32.83333
39.91667 32.83333
39.91667 32.83333
39.91667 32.83333
39.91667 32.83333
39.91667 32.83333
39.91667 32.83333
39.91667 32.83333
39.91667 32.83333
39.91667 32.83333
39.91667 32.83333
39.91667 32.83333
39.91667 32.83333
39.91667 32.83333
39.91667 32.83333
39.91667 32.83333
39.91667 32.83333
39.91667 32.83333
39.91667 32.83333
39.91667 32.83333
39.91667 32.83333
39.91667 32.83333
39.91667 32.83333
39.91667 32.83333
39.91667 32.83333
39.91667 32.83333
39.91667 32.83333
39.91667 32.83333
39.91667 32.83333
39.91667 32.83333
39.91667 32.83333
39.91667 32.83333
39.91667 32.83333
39.91667 32.83333
39.91667 32.83333
39.91667 32.83333
39.91667 32.83333
39.91667 32.83333
39.91667 32.83333
39.91667 32.83333
39.91667 32.83333
39.91667 32.83333
39.91667 32.83333
39.91667 32.83333
39.91667 32.83333
39.91667 32.83333
39.91667 32.83333
39.91667 32.83333
39.91667 32.83333
39.91667 32.83333
39.91667 32.83333
39.91667 32.83333
39.91667 32.83333
39.91667 32.83333
39.91667 32.83333
39.91667 32.83333
39.91667 32.83333
39.91667 32.83333
39.91667 32.83333
39.91667 32.83333
39.91667 32.83333
39.91667 32.83333
39.91667 32.83333
39.91667 32.83333
39.91667 32.83333
39.91667 32.83333
39.91667 32.83333
39.91667 32.83333
39.91667 32.83333
39.91667 32.83333
39.91667 32.83333
39.91667 32.83333
39.91667 32.83333
39.91667 32.83333
39.91667 32.83333
39.91667 32.83333
39.91667 32.83333
39.91667 32.83333
39.91667 32.83333
39.91667 32.83333
39.91667 32.83333
39.91667 32.83333
39.91667 32.83333
39.91667 32.83333
39.91667 32.83333
39.91667 32.83333
39.91667 32.83333
39.91667 32.83333
39.91667 32.83333
39.91667 32.83333
39.91667 32.83333
39.91667 32.83333
39.91667 32.83333
39.91667 32.83333
39.91667 32.83333
39.91667 32.83333
39.91667 32.83333
39.91667 32.83333
39.91667 32.83333
39.91667 32.83333
39.91667 32.83333
39.91667 32.83333
39.91667 32.83333
39.91667 32.83333
39.91667 32.83333
39.91667 32.83333
39.91667 32.83333
39.91667 32.83333
39.91667 32.83333
39.91667 32.83333
39.91667 32.83333
39.91667 32.83333
39.91667 32.83333
39.91667 32.83333
39.91667 32.83333
39.91667 32.83333
39.91667 32.83333
39.91667 32.83333
39.91667 32.83333
39.91667 32.83333
39.91667 32.83333
39.91667 32.83333
39.91667 32.83333
39.91667 32.83333
39.91667 32.83333
39.91667 32.83333
39.91667 32.83333
39.91667 32.83333
39.91667 32.83333
39.91667 32.83333
39.91667 32.83333
39.91667 32.83333
39.91667 32.83333
39.91667 32.83333
39.91667 32.83333
39.91667 32.83333
39.91667 32.83333
39.91667 32.83333
39.91667 32.83333
39.91667 32.83333
39.91667 32.83333
39.91667 32.83333
39.91667 32.83333
39.91667 32.83333
39.91667 32.83333
39.91667 32.83333
39.91667 32.83333
39.91667 32.83333
39.91667 32.83333
39.91667 32.83333
39.91667 32.83333
39.91667 32.83333
39.91667 32.83333
39.91667 32.83333
39.91667 32.83333
39.91667 32.83333
39.91667 32.83333
39.91667 32.83333
39.91667 32.83333
39.91667 32.83333
39.91667 32.83333
39.91667 32.83333
39.91667 32.83333
39.91667 32.83333
39.91667 32.83333
39.91667 32.83333
39.91667 32.83333
39.91667 32.83333
39.91667 32.83333
39.91667 32.83333
39.91667 32.83333
39.91667 32.83333
38.5267 27.785
41.018 28.9745
51.4964 -0.1224
51.4964 -0.1224
51.4964 -0.1224
51.4964 -0.1224
50.11552 8.68417
50.11552 8.68417
51.4 6.6
51.4 6.6
51.4964 -0.1224
48.20849 16.37208
51.4964 -0.1224
51.4964 -0.1224
51.4964 -0.1224
51.4964 -0.1224
51.4964 -0.1224
51.4964 -0.1224
51.4964 -0.1224
52.37403 4.88969
51.4964 -0.1224
51.4964 -0.1224
51.4964 -0.1224
40.40225 -3.71029
51.4964 -0.1224
51.4964 -0.1224
51.4964 -0.1224
41.0214 28.9948
41.0214 28.9948
39.91667 32.83333
41.0214 28.9948
41.0214 28.9948
41.0214 28.9948
41.0214 28.9948
50.22387 12.19499
52.37403 4.88969
52.37403 4.88969
51.4964 -0.1224
51.4964 -0.1224
51.4964 -0.1224
40.4172 -3.684
51.4964 -0.1224
51.4964 -0.1224
51.4964 -0.1224
51.4964 -0.1224
51.4964 -0.1224
51.4964 -0.1224
51.4964 -0.1224
51.4964 -0.1224
51.4 6.6
51.4964 -0.1224
53.58333 10.0
51.4964 -0.1224
50.11552 8.68417
51.4964 -0.1224
50.08804 14.42076
34.7725 113.7266
37.44188 -122.14302
51.4964 -0.1224
51.4964 -0.1224
53.48095 -2.23743
51.4964 -0.1224
51.4964 -0.1224
51.4964 -0.1224
51.4964 -0.1224
51.4964 -0.1224
52.2777 -0.8284
51.4964 -0.1224
51.4964 -0.1224
51.4964 -0.1224
51.4964 -0.1224
51.4964 -0.1224
51.4964 -0.1224
57.1378 -2.1663
32.0886 34.8722
32.0886 34.8722
33.71039 73.13382
47.0 8.0
8.0 1.1667
47.0 8.0
47.0 8.0
50.11552 8.68417
47.0 8.0
47.0 8.0
45.46427 9.18951
47.0 8.0
48.8582 2.3387
47.0 8.0
47.0 8.0
47.0 8.0
47.0 8.0
50.11552 8.68417
18.66667 -10.33333
47.0 8.0
47.0 8.0
47.0 8.0
50.85045 4.34878
47.0 8.0
37.751 -97.822
47.0 8.0
37.751 -97.822
47.0 8.0
47.0 8.0
48.2 16.3667
47.0 8.0
47.0 8.0
47.0 8.0
47.0 8.0
47.0 8.0
5.48361 -74.6574
5.48361 -74.6574
25.77427 -80.19366
52.3824 4.8995
39.162 -84.45689
25.77427 -80.19366
48.8534 2.3486
45.46427 9.18951
50.11552 8.68417
50.11552 8.68417
52.37302 4.89856
50.11552 8.68417
55.4311 37.5461
50.11552 8.68417
55.4311 37.5461
50.11552 8.68417
43.6 39.7303
50.11552 8.68417
47.0 8.0
25.77427 -80.19366
25.0657 55.17128
24.0 54.0
24.0 54.0
24.0 54.0
50.11552 8.68417
51.50853 -0.12574
51.50853 -0.12574
39.73915 -104.9847
51.50853 -0.12574
59.3247 18.056
59.3247 18.056
59.3247 18.056
-9.64167 161.425
10.63167 -71.64056
43.1479 12.1097
41.01384 28.94966
37.751 -97.822
37.751 -97.822
37.751 -97.822
37.751 -97.822
37.751 -97.822
55.7386 37.6068
51.50853 -0.12574
32.81841 34.9885
32.08414 34.79995
32.08414 34.79995
32.0 -5.0
14.0 -14.0
14.0 -14.0
40.4172 -3.684
47.0 8.0
14.0 -14.0
14.0 -14.0
14.0 -14.0
14.0 -14.0
14.0 -14.0
14.0 -14.0
14.0 -14.0
14.0 -14.0
-26.20227 28.04363
42.73698 -84.48387
42.8864 -78.8781
32.71533 -117.15726
34.05223 -118.24368
37.751 -97.822
47.50012 -120.50147
37.751 -97.822
37.751 -97.822
37.751 -97.822
37.751 -97.822
37.751 -97.822
37.751 -97.822
31.7074 -86.2566
40.7961 -81.3798
45.66293 7.85791
45.66293 7.85791
45.66293 7.85791
45.66293 7.85791
45.66293 7.85791
37.751 -97.822
42.00833 -91.64407
27.94752 -82.45843
51.2993 9.491
39.73915 -104.9847
51.2993 9.491
38.89511 -77.03637
40.71427 -74.00597
35.2132 -80.8231
18.25 -77.5
18.25 -77.5
10.0 -84.0
4.5981 -74.0758
4.5981 -74.0758
4.5981 -74.0758
4.5981 -74.0758
15.5 -90.25
37.751 -97.822
19.4371 -99.0111
19.4371 -99.0111
19.4371 -99.0111
19.4371 -99.0111
19.4371 -99.0111
19.4371 -99.0111
19.4371 -99.0111
4.60971 -74.08175
4.60971 -74.08175
4.60971 -74.08175
4.60971 -74.08175
4.60971 -74.08175
25.77427 -80.19366
37.751 -97.822
25.77427 -80.19366
19.42847 -99.12766
-25.3667 141.933
19.4371 -99.0111
19.4371 -99.0111
19.4371 -99.0111
25.77427 -80.19366
37.751 -97.822
-23.43057 -46.48101
19.42847 -99.12766
25.67507 -100.31847
-33.47269 -70.64724
19.4371 -99.0111
19.4371 -99.0111
19.4371 -99.0111
19.4342 -99.1386
19.4371 -99.0111
19.4371 -99.0111
25.6572 -100.4027
19.42847 -99.12766
19.4168 -99.5587
19.4342 -99.1386
19.4371 -99.0111
19.4371 -99.0111
19.4371 -99.0111
19.4371 -99.0111
19.3173 -99.0867
19.4371 -99.0111
19.4371 -99.0111
19.4371 -99.0111
19.4371 -99.0111
19.4371 -99.0111
19.4371 -99.0111
19.4371 -99.0111
19.4371 -99.0111
19.4371 -99.0111
19.4371 -99.0111
19.4371 -99.0111
19.4371 -99.0111
19.4371 -99.0111
19.4371 -99.0111
19.4371 -99.0111
19.4371 -99.0111
19.4371 -99.0111
19.4371 -99.0111
19.4371 -99.0111
19.4371 -99.0111
19.4371 -99.0111
19.4371 -99.0111
19.4371 -99.0111
19.4371 -99.0111
19.4371 -99.0111
19.4371 -99.0111
19.4371 -99.0111
19.4371 -99.0111
19.4371 -99.0111
19.4371 -99.0111
19.4371 -99.0111
19.4371 -99.0111
19.4371 -99.0111
19.4371 -99.0111
19.4371 -99.0111
19.4371 -99.0111
19.4371 -99.0111
19.4371 -99.0111
19.4371 -99.0111
19.4371 -99.0111
19.4371 -99.0111
19.4371 -99.0111
19.4371 -99.0111
19.4371 -99.0111
19.4371 -99.0111
25.67507 -100.31847
25.67507 -100.31847
43.68066 -79.61286
20.6668 -103.3926
20.6668 -103.3926
25.67507 -100.31847
19.4371 -99.0111
19.4371 -99.0111
20.6668 -103.3926
19.4371 -99.0111
19.4371 -99.0111
19.4371 -99.0111
19.4371 -99.0111
19.0393 -98.3343
20.6668 -103.3926
20.6668 -103.3926
47.0 8.0
19.42847 -99.12766
19.4342 -99.1386
19.4371 -99.0111
19.42847 -99.12766
37.751 -97.822
25.6572 -100.4027
19.4371 -99.0111
25.6554 -100.3258
19.4371 -99.0111
25.6554 -100.3258
19.4371 -99.0111
19.4371 -99.0111
19.4371 -99.0111
19.4371 -99.0111
19.4371 -99.0111
19.4371 -99.0111
19.4371 -99.0111
31.7212 -106.4624
19.4371 -99.0111
19.4371 -99.0111
31.7212 -106.4624
25.7606 -97.9483
19.4371 -99.0111
19.4371 -99.0111
19.4371 -99.0111
19.4371 -99.0111
19.4371 -99.0111
19.4371 -99.0111
19.4371 -99.0111
19.4371 -99.0111
31.75872 -106.48693
19.4371 -99.0111
19.4371 -99.0111
19.4371 -99.0111
19.4371 -99.0111
19.4371 -99.0111
19.4371 -99.0111
19.4371 -99.0111
19.4371 -99.0111
19.4371 -99.0111
19.4371 -99.0111
31.7212 -106.4624
25.4167 -101.0167
9.0 -80.0
15.5 -90.25
9.0 -80.0
37.751 -97.822
9.0 -80.0
9.0 -80.0
9.0 -80.0
9.0 -80.0
34.7725 113.7266
34.7725 113.7266
34.7725 113.7266
34.7725 113.7266
34.7725 113.7266
34.7725 113.7266
34.7725 113.7266
31.0449 121.4012
31.0449 121.4012
34.7725 113.7266
34.7725 113.7266
34.7725 113.7266
34.7725 113.7266
34.7725 113.7266
34.7725 113.7266
34.7725 113.7266
39.04372 -77.48749
1.3667 103.8
1.3667 103.8
1.3667 103.8
48.8582 2.3387
1.3667 103.8
1.3667 103.8
1.3667 103.8
1.3667 103.8
1.3667 103.8
1.3667 103.8
1.3667 103.8
37.7354 -122.4571
47.0 8.0
37.751 -97.822
37.751 -97.822
37.3931 -121.962
38.85233 -77.0372
34.05223 -118.24368
51.47115 -0.45649
47.0 8.0
37.751 -97.822
34.0447 -118.2946
34.0447 -118.2946
14.64072 -90.51327
37.751 -97.822
41.8777 -87.6376
41.8777 -87.6376
41.25861 -95.93779
43.00035 -75.4999
18.24829 -66.49989
32.78306 -96.80667
32.84755 -115.56944
43.6319 -79.3716
43.6319 -79.3716
43.6319 -79.3716
38.94877 -77.4491
37.751 -97.822
39.29038 -76.61219
19.42847 -99.12766
37.751 -97.822
37.751 -97.822
35.2132 -80.8231
37.751 -97.822
48.8582 2.3387
40.31119 -78.32418
40.31119 -78.32418
37.751 -97.822
47.1464 -122.4572
39.162 -84.45689
28.53834 -81.37924
32.831 -96.7692
34.9947 -81.2245
34.9947 -81.2245
18.25 -77.5
18.25 -77.5
37.751 -97.822
47.50012 -120.50147
47.50012 -120.50147
47.0 8.0
37.751 -97.822
47.0 8.0
47.0 8.0
47.0 8.0
34.05223 -118.24368
38.94877 -77.4491
40.78343 -73.96625
37.751 -97.822
32.831 -96.7692
29.76328 -95.36327
37.751 -97.822
39.6699 -75.7151
32.84707 -96.85195
31.8378 -106.538
32.831 -96.7692
16.24125 -61.53614
37.751 -97.822
37.751 -97.822
39.9564 -85.9651
37.751 -97.822
41.4535 -74.4774
40.71427 -74.00597
37.751 -97.822
18.66667 -10.33333
37.751 -97.822
47.60621 -122.33207
33.8992 -84.8572
51.50853 -0.12574
55.7527 37.6172
55.76167 37.60667
55.4311 37.5461
39.91667 32.83333
39.91667 32.83333
39.91667 32.83333
39.91667 32.83333
39.91667 32.83333
39.91667 32.83333
39.91667 32.83333
39.91667 32.83333
50.11552 8.68417
32.08414 34.79995
32.08414 34.79995
39.91667 32.83333
39.91667 32.83333
39.91667 32.83333
39.91667 32.83333
39.91667 32.83333
39.91667 32.83333
39.91667 32.83333
39.91667 32.83333
39.91667 32.83333
39.91667 32.83333
39.91667 32.83333
39.91667 32.83333
39.91667 32.83333
39.91667 32.83333
39.91667 32.83333
39.91667 32.83333
39.91667 32.83333
39.91667 32.83333
39.91667 32.83333
39.91667 32.83333
39.91667 32.83333
39.91667 32.83333
39.91667 32.83333
39.91667 32.83333
39.91667 32.83333
39.91667 32.83333
39.91667 32.83333
39.91667 32.83333
39.91667 32.83333
39.91667 32.83333
39.91667 32.83333
39.91667 32.83333
39.91667 32.83333
39.91667 32.83333
39.91667 32.83333
39.91667 32.83333
39.91667 32.83333
39.91667 32.83333
39.91667 32.83333
39.91667 32.83333
39.91667 32.83333
39.91667 32.83333
39.91667 32.83333
39.91667 32.83333
39.91667 32.83333
39.91667 32.83333
39.91667 32.83333
39.91667 32.83333
39.91667 32.83333
39.91667 32.83333
39.91667 32.83333
39.91667 32.83333
39.91667 32.83333
39.91667 32.83333
39.91667 32.83333
39.91667 32.83333
39.91667 32.83333
39.91667 32.83333
39.91667 32.83333
39.91667 32.83333
39.91667 32.83333
39.91667 32.83333
39.91667 32.83333
39.91667 32.83333
39.91667 32.83333
39.91667 32.83333
39.91667 32.83333
39.91667 32.83333
39.91667 32.83333
39.91667 32.83333
39.91667 32.83333
39.91667 32.83333
39.91667 32.83333
39.91667 32.83333
39.91667 32.83333
39.91667 32.83333
39.91667 32.83333
39.91667 32.83333
39.91667 32.83333
39.91667 32.83333
39.91667 32.83333
39.91667 32.83333
39.91667 32.83333
39.91667 32.83333
39.91667 32.83333
39.91667 32.83333
39.91667 32.83333
39.91667 32.83333
39.91667 32.83333
39.91667 32.83333
39.91667 32.83333
39.91667 32.83333
39.91667 32.83333
39.91667 32.83333
39.91667 32.83333
39.91667 32.83333
39.91667 32.83333
39.91667 32.83333
39.91667 32.83333
39.91667 32.83333
51.2993 9.491
39.91667 32.83333
39.91667 32.83333
39.91667 32.83333
39.91667 32.83333
39.91667 32.83333
39.91667 32.83333
39.91667 32.83333
39.91667 32.83333
39.91667 32.83333
39.91667 32.83333
39.91667 32.83333
39.91667 32.83333
39.91667 32.83333
39.91667 32.83333
39.91667 32.83333
39.91667 32.83333
39.91667 32.83333
39.91667 32.83333
39.91667 32.83333
39.91667 32.83333
39.91667 32.83333
39.91667 32.83333
39.91667 32.83333
39.91667 32.83333
39.91667 32.83333
39.91667 32.83333
39.91667 32.83333
39.91667 32.83333
39.91667 32.83333
39.91667 32.83333
39.91667 32.83333
39.91667 32.83333
39.91667 32.83333
39.91667 32.83333
39.91667 32.83333
39.91667 32.83333
39.91667 32.83333
39.91667 32.83333
39.91667 32.83333
39.91667 32.83333
39.91667 32.83333
39.91667 32.83333
39.91667 32.83333
39.91667 32.83333
39.91667 32.83333
39.91667 32.83333
39.91667 32.83333
39.91667 32.83333
39.91667 32.83333
39.91667 32.83333
39.91667 32.83333
39.91667 32.83333
39.91667 32.83333
39.91667 32.83333
39.91667 32.83333
39.91667 32.83333
39.91667 32.83333
39.91667 32.83333
39.91667 32.83333
39.91667 32.83333
39.91667 32.83333
39.91667 32.83333
39.91667 32.83333
39.91667 32.83333
39.91667 32.83333
39.91667 32.83333
39.91667 32.83333
39.91667 32.83333
50.11552 8.68417
51.4964 -0.1224
39.91667 32.83333
-25.3667 141.933
32.0886 34.8722
32.0886 34.8722
32.0 -5.0
32.0 -5.0
59.3247 18.056
50.85045 4.34878
50.85045 4.34878
50.85045 4.34878
50.85045 4.34878
37.751 -97.822
53.33306 -6.24889
40.4172 -3.684
40.4172 -3.684
40.4172 -3.684
40.4172 -3.684
40.4172 -3.684
40.4172 -3.684
40.4172 -3.684
40.4172 -3.684
25.77427 -80.19366
47.6144 -122.3447
40.4172 -3.684
47.6144 -122.3447
40.4172 -3.684
40.4172 -3.684
40.4172 -3.684
40.4172 -3.684
40.4172 -3.684
40.4172 -3.684
40.4172 -3.684
40.4172 -3.684
40.4172 -3.684
40.4172 -3.684
40.4172 -3.684
40.4172 -3.684
40.4172 -3.684
40.4172 -3.684
40.4172 -3.684
40.4172 -3.684
40.4172 -3.684
40.4172 -3.684
40.4172 -3.684
40.4172 -3.684
40.4172 -3.684
40.4172 -3.684
40.4172 -3.684
40.4172 -3.684
40.4172 -3.684
40.4172 -3.684
40.4172 -3.684
40.4172 -3.684
40.4172 -3.684
40.4172 -3.684
40.4172 -3.684
40.4172 -3.684
40.4172 -3.684
40.4172 -3.684
40.4172 -3.684
40.4172 -3.684
40.4172 -3.684
40.4172 -3.684
40.4172 -3.684
40.4172 -3.684
40.4172 -3.684
40.4172 -3.684
40.4172 -3.684
40.4172 -3.684
40.4172 -3.684
40.4172 -3.684
40.4172 -3.684
40.4172 -3.684
40.4172 -3.684
40.4172 -3.684
40.4172 -3.684
40.4172 -3.684
40.4172 -3.684
40.4172 -3.684
40.4172 -3.684
40.4172 -3.684
40.4172 -3.684
40.4172 -3.684
40.4172 -3.684
40.4172 -3.684
40.4172 -3.684
40.4172 -3.684
40.4172 -3.684
40.4172 -3.684
37.751 -97.822
40.4172 -3.684
40.4172 -3.684
10.63167 -71.64056
48.8534 2.3486
55.67594 12.56553
53.58333 10.0
53.58333 10.0
55.67594 12.56553
55.67594 12.56553
47.0 8.0
55.67594 12.56553
55.67594 12.56553
59.9119 10.7336
59.9119 10.7336
55.67594 12.56553
55.67594 12.56553
55.67594 12.56553
55.67594 12.56553
55.67594 12.56553
47.0 8.0
34.05223 -118.24368
34.05223 -118.24368
51.50853 -0.12574
51.50853 -0.12574
47.0 8.0
41.85003 -87.65005
43.00035 -75.4999
47.0 8.0
47.0 8.0
48.8534 2.3486
47.0 8.0
43.00035 -75.4999
43.00035 -75.4999
47.0 8.0
32.78306 -96.80667
47.0 8.0
48.85341 2.3488
48.8534 2.3486
48.8534 2.3486
51.50853 -0.12574
48.8534 2.3486
48.8534 2.3486
51.50853 -0.12574
47.0 8.0
43.00035 -75.4999
52.37302 4.89856
52.37302 4.89856
48.8534 2.3486
59.5 18.0
53.58333 10.0
52.37302 4.89856
40.40225 -3.71029
52.37302 4.89856
52.37302 4.89856
52.37302 4.89856
47.0 8.0
47.0 8.0
47.0 8.0
34.05223 -118.24368
51.50853 -0.12574
51.50853 -0.12574
43.00035 -75.4999
51.50853 -0.12574
47.0 8.0
51.50853 -0.12574
47.0 8.0
47.0 8.0
51.50853 -0.12574
51.50853 -0.12574
51.50853 -0.12574
55.67594 12.56553
43.00035 -75.4999
47.0 8.0
59.5 18.0
51.50853 -0.12574
41.85003 -87.65005
47.0 8.0
48.20849 16.37208
48.8534 2.3486
47.0 8.0
32.78306 -96.80667
47.0 8.0
33.749 -84.38798
43.29695 5.38107
51.50853 -0.12574
47.41667 8.66667
45.45186 9.14586
-32.73308 151.5574
41.85003 -87.65005
40.40225 -3.71029
51.50853 -0.12574
41.85003 -87.65005
47.0 8.0
51.50853 -0.12574
51.50853 -0.12574
51.50853 -0.12574
51.50853 -0.12574
43.00035 -75.4999
59.5 18.0
59.5 18.0
59.5 18.0
59.5 18.0
52.37302 4.89856
52.37302 4.89856
55.67594 12.56553
60.16952 24.93545
59.5 18.0
59.93863 30.31413
55.67594 12.56553
55.67594 12.56553
55.67594 12.56553
55.67594 12.56553
55.67594 12.56553
59.9119 10.7336
55.67594 12.56553
55.67594 12.56553
53.57532 10.01534
59.5 18.0
59.5 18.0
55.76167 37.60667
59.5 18.0
59.5 18.0
-20.84399 144.20035
59.5 18.0
59.5 18.0
59.5 18.0
59.5 18.0
59.5 18.0
47.0 8.0
59.5 18.0
59.5 18.0
47.0 8.0
59.5 18.0
59.5 18.0
59.5 18.0
60.16952 24.93545
52.37302 4.89856
50.11552 8.68417
52.37302 4.89856
50.08804 14.42076
52.37302 4.89856
52.37302 4.89856
52.37302 4.89856
52.37302 4.89856
52.37302 4.89856
52.37302 4.89856
48.8534 2.3486
52.37302 4.89856
52.37302 4.89856
52.37302 4.89856
52.37302 4.89856
52.37302 4.89856
52.37302 4.89856
52.37302 4.89856
52.37302 4.89856
52.37302 4.89856
52.37302 4.89856
52.37302 4.89856
52.37302 4.89856
52.37302 4.89856
52.37302 4.89856
52.37302 4.89856
52.37302 4.89856
52.37302 4.89856
52.37302 4.89856
52.37302 4.89856
52.37302 4.89856
52.37302 4.89856
45.45186 9.14586
45.45186 9.14586
40.40225 -3.71029
52.37302 4.89856
52.37302 4.89856
59.5 18.0
53.58333 10.0
51.50853 -0.12574
52.37302 4.89856
47.0 8.0
47.0 8.0
34.05223 -118.24368
33.749 -84.38798
47.0 8.0
47.0 8.0
32.78306 -96.80667
47.0 8.0
47.0 8.0
39.0481 -77.4728
51.50853 -0.12574
47.0 8.0
41.85003 -87.65005
41.85003 -87.65005
40.4165 -3.70256
48.8582 2.3387
50.11552 8.68417
50.11552 8.68417
33.749 -84.38798
47.0 8.0
42.06246 -104.18439
42.06246 -104.18439
42.06246 -104.18439
42.06246 -104.18439
50.11552 8.68417
50.11552 8.68417
32.84707 -96.85195
50.11552 8.68417
50.11552 8.68417
52.37403 4.88969
53.3472 -6.2439
25.77427 -80.19366
53.3472 -6.2439
52.37403 4.88969
52.37403 4.88969
52.37403 4.88969
48.85341 2.3488
40.4165 -3.70256
47.0 8.0
59.3247 18.056
59.3247 18.056
40.71427 -74.00597
51.50853 -0.12574
50.11552 8.68417
50.11552 8.68417
50.11552 8.68417
50.11552 8.68417
50.11552 8.68417
37.33939 -121.89496
37.33939 -121.89496
55.7386 37.6068
55.7458 38.8497
51.4964 -0.1224
47.0 8.0
47.0 8.0
52.37302 4.89856
52.37302 4.89856
52.37302 4.89856
52.37302 4.89856
52.37302 4.89856
52.37302 4.89856
52.37302 4.89856
52.37302 4.89856
52.37302 4.89856
33.749 -84.38798
50.11552 8.68417
37.751 -97.822
37.751 -97.822
40.4172 -3.684
40.4172 -3.684
32.78306 -96.80667
32.78306 -96.80667
27.80058 -97.39638
37.751 -97.822
50.85045 4.34878
47.0 8.0
34.0447 -118.2946
34.0447 -118.2946
34.0447 -118.2946
34.0447 -118.2946
52.37302 4.89856
52.37302 4.89856
52.37302 4.89856
52.37302 4.89856
52.37302 4.89856
52.37302 4.89856
48.8534 2.3486
43.29695 5.38107
43.29695 5.38107
24.0 54.0
52.37302 4.89856
52.37302 4.89856
41.57028 120.45861
41.57028 120.45861
43.00035 -75.4999
34.05223 -118.24368
50.08804 14.42076
51.50853 -0.12574
33.749 -84.38798
32.78306 -96.80667
48.20849 16.37208
48.20849 16.37208
34.05223 -118.24368
34.05223 -118.24368
47.0 8.0
50.11552 8.68417
50.11552 8.68417
47.0 8.0
59.5 18.0
48.20849 16.37208
50.08804 14.42076
47.0 8.0
37.751 -97.822
37.751 -97.822
37.751 -97.822
48.20849 16.37208
50.08804 14.42076
50.11552 8.68417
51.50853 -0.12574
47.0 8.0
47.0 8.0
48.8582 2.3387
50.85045 4.34878
50.11552 8.68417
51.50853 -0.12574
51.50853 -0.12574
52.37403 4.88969
50.11552 8.68417
40.71427 -74.00597
37.8437 -122.1242
38.94877 -77.4491
38.89511 -77.03637
40.71427 -74.00597
51.50853 -0.12574
48.8582 2.3387
51.50853 -0.12574
51.50853 -0.12574
51.50853 -0.12574
51.50853 -0.12574
51.50853 -0.12574
51.50853 -0.12574
51.50853 -0.12574
41.01384 28.94966
41.01384 28.94966
41.01384 28.94966
34.05223 -118.24368
53.3472 -6.2439
34.05223 -118.24368
34.05223 -118.24368
34.05223 -118.24368
41.85003 -87.65005
37.751 -97.822
37.751 -97.822
18.25 -66.5
18.25 -66.5
37.751 -97.822
25.6666 -80.4036
37.751 -97.822
37.751 -97.822
18.4667 -77.9167
47.50012 -120.50147
50.08804 14.42076
50.11552 8.68417
52.3824 4.8995
55.7527 37.6172
35.9112 -78.9178
47.50012 -120.50147
37.751 -97.822
37.751 -97.822
37.751 -97.822
36.1754 -95.9112
34.086 -98.5708
34.086 -98.5708
33.5119 -101.9316
34.05223 -118.24368
34.05223 -118.24368
37.751 -97.822
45.50884 -73.58781
37.751 -97.822
47.0 8.0
37.751 -97.822
47.0 8.0
47.0 8.0
47.0 8.0
47.0 8.0
37.751 -97.822
37.751 -97.822
37.751 -97.822
37.751 -97.822
37.751 -97.822
47.0 8.0
37.751 -97.822
37.751 -97.822
37.751 -97.822
37.751 -97.822
33.749 -84.38798
37.751 -97.822
37.751 -97.822
43.0592 -73.7356
37.751 -97.822
33.749 -84.38798
32.78306 -96.80667
28.53834 -81.37924
42.35843 -71.05977
32.78306 -96.80667
32.78306 -96.80667
33.749 -84.38798
52.3824 4.8995
55.4311 37.5461
59.33258 18.0649
50.11552 8.68417
50.11552 8.68417
50.11552 8.68417
40.71427 -74.00597
25.0865 -80.4473
33.7655 -84.6469
55.7386 37.6068
55.7386 37.6068
41.0214 28.9948
41.01384 28.94966
52.3824 4.8995
37.751 -97.822
37.751 -97.822
39.04372 -77.48749
37.751 -97.822
35.8651 -80.8858
19.83803 -90.5277
19.83803 -90.5277
29.42412 -98.49363
37.751 -97.822
37.751 -97.822
37.751 -97.822
37.751 -97.822
37.751 -97.822
37.751 -97.822
37.751 -97.822
37.751 -97.822
37.751 -97.822
37.751 -97.822
37.751 -97.822
37.751 -97.822
37.751 -97.822
27.80058 -97.39638
37.751 -97.822
37.751 -97.822
37.751 -97.822
37.751 -97.822
30.2721 -97.6868
31.8378 -106.538
35.2132 -80.8231
34.00071 -81.03481
35.2132 -80.8231
19.83803 -90.5277
35.22709 -80.84313
35.2132 -80.8231
35.2132 -80.8231
35.2132 -80.8231
19.83803 -90.5277
19.83803 -90.5277
35.2132 -80.8231
35.2132 -80.8231
35.2132 -80.8231
35.2132 -80.8231
35.22709 -80.84313
35.22709 -80.84313
35.2132 -80.8231
41.01384 28.94966
41.0214 28.9948
32.08414 34.79995
37.751 -97.822
37.751 -97.822
37.751 -97.822
38.9208 -77.036
26.20341 -98.23001
43.0592 -73.7356
37.751 -97.822
34.05223 -118.24368
34.05223 -118.24368
25.77427 -80.19366
34.1566 -97.1792
34.1566 -97.1792
34.1566 -97.1792
43.5727 -71.4781
43.5727 -71.4781
39.73915 -104.9847
32.78306 -96.80667
41.85003 -87.65005
33.749 -84.38798
41.4995 -81.69541
39.96118 -82.99879
34.05223 -118.24368
36.15398 -95.99277
36.15398 -95.99277
29.76328 -95.36327
37.751 -97.822
39.162 -84.45689
33.749 -84.38798
52.37302 4.89856
52.37403 4.88969
51.50853 -0.12574
37.751 -97.822
40.73566 -74.17237
29.76328 -95.36327
19.42847 -99.12766
48.8534 2.3486
37.751 -97.822
37.751 -97.822
42.28343 -71.23283
51.50853 -0.12574
50.85045 4.34878
52.37403 4.88969
38.89511 -77.03637
52.37403 4.88969
50.11552 8.68417
51.50853 -0.12574
48.8534 2.3486
34.05223 -118.24368
37.751 -97.822
25.77427 -80.19366
25.77427 -80.19366
25.77427 -80.19366
25.77427 -80.19366
25.77427 -80.19366
25.77427 -80.19366
25.77427 -80.19366
25.77427 -80.19366
42.06246 -104.18439
50.11552 8.68417
42.06246 -104.18439
32.71533 -117.15726
33.749 -84.38798
52.2253 20.9925
37.751 -97.822
37.751 -97.822
40.78343 -73.96625
41.6677 -72.1681
37.751 -97.822
37.751 -97.822
37.751 -97.822
37.751 -97.822
30.1759 -83.0304
37.751 -97.822
33.5119 -101.9316
33.5119 -101.9316
30.1759 -83.0304
30.1759 -83.0304
8.0 1.1667
47.0 8.0
51.261 22.5456
51.4964 -0.1224
41.0214 28.9948
41.0214 28.9948
48.8582 2.3387
48.8582 2.3387
51.50853 -0.12574
51.50853 -0.12574
51.50853 -0.12574
51.50853 -0.12574
51.50853 -0.12574
50.11552 8.68417
51.50853 -0.12574
51.50853 -0.12574
51.50853 -0.12574
51.50853 -0.12574
51.50853 -0.12574
41.01384 28.94966
50.11552 8.68417
50.11552 8.68417
50.11552 8.68417
50.11552 8.68417
55.7527 37.6172
51.2993 9.491
59.5 18.0
51.50853 -0.12574
47.1449 8.1551
47.1449 8.1551
40.4172 -3.684
40.4172 -3.684
40.4172 -3.684
40.4172 -3.684
40.4172 -3.684
19.79344 -70.6884
59.5 18.0
47.0 8.0
59.5 18.0
47.0 8.0
47.0 8.0
51.50853 -0.12574
34.05223 -118.24368
48.8534 2.3486
48.8534 2.3486
47.0 8.0
47.0 8.0
47.0 8.0
42.06246 -104.18439
43.00035 -75.4999
51.50853 -0.12574
43.00035 -75.4999
33.749 -84.38798
47.0 8.0
33.749 -84.38798
47.0 8.0
47.0 8.0
50.11552 8.68417
32.78306 -96.80667
59.5 18.0
47.0 8.0
59.5 18.0
59.5 18.0
59.5 18.0
59.5 18.0
59.5 18.0
59.5 18.0
59.5 18.0
59.5 18.0
59.5 18.0
59.5 18.0
47.0 8.0
34.05223 -118.24368
47.0 8.0
50.11552 8.68417
45.45186 9.14586
51.50853 -0.12574
59.5 18.0
59.5 18.0
47.0 8.0
60.16952 24.93545
59.5 18.0
50.11552 8.68417
50.11552 8.68417
50.11552 8.68417
50.11552 8.68417
47.0 8.0
50.11552 8.68417
50.11552 8.68417
50.11552 8.68417
51.50853 -0.12574
47.0 8.0
47.0 8.0
47.0 8.0
47.0 8.0
47.0 8.0
56.9496 24.0978
47.0 8.0
59.5 18.0
50.11552 8.68417
48.20849 16.37208
53.58333 10.0
53.58333 10.0
33.749 -84.38798
47.0 8.0
47.0 8.0
47.0 8.0
50.08804 14.42076
51.50853 -0.12574
50.08804 14.42076
55.7527 37.6172
47.0 8.0
50.11552 8.68417
50.11552 8.68417
50.11552 8.68417
50.11552 8.68417
50.11552 8.68417
50.11552 8.68417
50.11552 8.68417
50.11552 8.68417
50.11552 8.68417
50.11552 8.68417
50.11552 8.68417
50.11552 8.68417
50.11552 8.68417
50.11552 8.68417
50.11552 8.68417
51.50853 -0.12574
48.8534 2.3486
50.11552 8.68417
47.0 8.0
50.11552 8.68417
50.11552 8.68417
47.0 8.0
52.22977 21.01178
50.11552 8.68417
50.11552 8.68417
47.0 8.0
48.8534 2.3486
52.22977 21.01178
47.0 8.0
52.37302 4.89856
52.37302 4.89856
52.37302 4.89856
52.37302 4.89856
47.0 8.0
52.37302 4.89856
32.78306 -96.80667
43.00035 -75.4999
50.11552 8.68417
50.85045 4.34878
50.85045 4.34878
50.85045 4.34878
50.11552 8.68417
41.01384 28.94966
41.01384 28.94966
41.01384 28.94966
55.7386 37.6068
50.11552 8.68417
51.50853 -0.12574
47.36667 8.55
59.33258 18.0649
34.05223 -118.24368
50.45466 30.5238
25.06729 -77.96937
18.66667 -10.33333
51.4964 -0.1224
40.4172 -3.684
40.4172 -3.684
25.0657 55.17128
40.71427 -74.00597
43.29695 5.38107
40.4172 -3.684
50.0766 14.5148
52.37302 4.89856
51.4964 -0.1224
51.4964 -0.1224
51.4964 -0.1224
37.751 -97.822
34.05223 -118.24368
37.751 -97.822
37.751 -97.822
37.751 -97.822
12.63067 53.90578
37.751 -97.822
37.751 -97.822
37.751 -97.822
37.33939 -121.89496
37.751 -97.822
32.84707 -96.85195
37.751 -97.822
19.4371 -99.0111
40.63983 -73.77874
37.751 -97.822
34.05223 -118.24368
37.751 -97.822
37.751 -97.822
37.751 -97.822
37.751 -97.822
47.0 8.0
37.751 -97.822
25.6666 -80.4036
25.6666 -80.4036
37.751 -97.822
25.6666 -80.4036
18.4667 -77.9167
18.4667 -77.9167
37.751 -97.822
26.0276 -80.2528
25.6666 -80.4036
25.6666 -80.4036
18.4667 -77.9167
18.0333 -77.5
18.25 -77.5
15.5 -90.25
37.751 -97.822
15.5 -90.25
37.751 -97.822
40.73566 -74.17237
40.77607 -73.87269
38.85233 -77.0372
38.94877 -77.4491
29.76328 -95.36327
38.85233 -77.0372
38.94877 -77.4491
40.77607 -73.87269
51.47115 -0.45649
51.47115 -0.45649
41.92926 -72.62731
40.77607 -73.87269
42.06246 -104.18439
39.73915 -104.9847
40.77607 -73.87269
51.47115 -0.45649
40.77607 -73.87269
40.77607 -73.87269
40.77607 -73.87269
42.06246 -104.18439
40.73566 -74.17237
32.78306 -96.80667
38.85233 -77.0372
50.11552 8.68417
35.22709 -80.84313
35.22709 -80.84313
34.05223 -118.24368
32.78306 -96.80667
40.77607 -73.87269
45.4473 -73.75335
37.8085 -122.2668
40.77607 -73.87269
37.44188 -122.14302
37.7354 -122.4571
38.85233 -77.0372
32.78306 -96.80667
38.85233 -77.0372
38.85233 -77.0372
38.85233 -77.0372
40.77607 -73.87269
29.76328 -95.36327
49.01278 2.55
37.751 -97.822
38.85233 -77.0372
33.749 -84.38798
37.33939 -121.89496
36.17497 -115.13722
39.73915 -104.9847
40.77607 -73.87269
40.44062 -79.99589
29.76328 -95.36327
29.76328 -95.36327
29.76328 -95.36327
38.94877 -77.4491
25.77427 -80.19366
25.77427 -80.19366
37.33939 -121.89496
37.33939 -121.89496
37.44188 -122.14302
34.05223 -118.24368
37.33939 -121.89496
51.47115 -0.45649
37.751 -97.822
51.47115 -0.45649
37.33939 -121.89496
40.77607 -73.87269
51.47115 -0.45649
38.94877 -77.4491
29.76328 -95.36327
29.76328 -95.36327
32.78306 -96.80667
30.26715 -97.74306
33.44838 -112.07404
34.05223 -118.24368
51.47115 -0.45649
40.77607 -73.87269
41.97959 -87.90446
41.97959 -87.90446
40.77607 -73.87269
36.17497 -115.13722
38.85233 -77.0372
39.95233 -75.16379
51.47115 -0.45649
38.85233 -77.0372
38.85233 -77.0372
38.94877 -77.4491
47.0 8.0
47.0 8.0
42.35843 -71.05977
41.97959 -87.90446
39.73915 -104.9847
51.47115 -0.45649
51.47115 -0.45649
51.47115 -0.45649
38.85233 -77.0372
41.97959 -87.90446
37.33939 -121.89496
47.60621 -122.33207
40.77607 -73.87269
38.85233 -77.0372
41.97959 -87.90446
37.751 -97.822
39.73915 -104.9847
47.60621 -122.33207
39.73915 -104.9847
29.76328 -95.36327
49.01278 2.55
50.11552 8.68417
50.11552 8.68417
50.11552 8.68417
52.37403 4.88969
50.11552 8.68417
49.01278 2.55
52.37403 4.88969
52.37403 4.88969
49.01278 2.55
38.94877 -77.4491
33.749 -84.38798
33.749 -84.38798
44.97997 -93.26384
41.97959 -87.90446
38.9208 -77.036
25.67507 -100.31847
51.50853 -0.12574
47.50012 -120.50147
47.50012 -120.50147
37.751 -97.822
37.33939 -121.89496
37.751 -97.822
37.751 -97.822
37.751 -97.822
41.85003 -87.65005
27.5569 -99.4907
37.751 -97.822
32.831 -96.7692
37.751 -97.822
41.57028 120.45861
34.05223 -118.24368
2.57969 -72.63936
37.751 -97.822
37.751 -97.822
37.751 -97.822
37.751 -97.822
37.751 -97.822
37.751 -97.822
37.751 -97.822
37.751 -97.822
37.751 -97.822
37.751 -97.822
37.751 -97.822
37.751 -97.822
37.751 -97.822
37.751 -97.822
37.751 -97.822
37.751 -97.822
37.751 -97.822
37.751 -97.822
37.751 -97.822
37.751 -97.822
37.751 -97.822
37.751 -97.822
37.751 -97.822
37.751 -97.822
37.751 -97.822
37.751 -97.822
37.751 -97.822
37.751 -97.822
37.751 -97.822
37.751 -97.822
37.751 -97.822
37.751 -97.822
37.751 -97.822
37.751 -97.822
37.751 -97.822
37.751 -97.822
37.751 -97.822
37.751 -97.822
37.751 -97.822
37.751 -97.822
37.751 -97.822
37.751 -97.822
37.751 -97.822
37.751 -97.822
37.751 -97.822
37.751 -97.822
37.751 -97.822
37.751 -97.822
37.751 -97.822
37.751 -97.822
37.751 -97.822
37.751 -97.822
37.751 -97.822
37.751 -97.822
37.751 -97.822
37.751 -97.822
42.7273 -73.6696
42.6847 -73.7354
42.6847 -73.7354
42.6847 -73.7354
37.751 -97.822
37.751 -97.822
37.751 -97.822
34.05223 -118.24368
35.43333 -79.78333
35.43333 -79.78333
37.751 -97.822
35.43333 -79.78333
35.43333 -79.78333
26.2516 -98.2271
26.2516 -98.2271
26.2516 -98.2271
37.751 -97.822
34.05223 -118.24368
39.96118 -82.99879
33.749 -84.38798
34.05223 -118.24368
37.751 -97.822
35.5189 -97.5354
35.5189 -97.5354
35.5189 -97.5354
37.751 -97.822
25.77427 -80.19366
25.77427 -80.19366
42.43343 -71.44951
52.2 0.11667
40.1215 -75.3399
-27.75796 29.9318
37.751 -97.822
40.20789 -75.07267
37.751 -97.822
40.63371 -74.40737
37.751 -97.822
26.33981 -81.7787
37.751 -97.822
41.91667 -72.55
37.751 -97.822
37.751 -97.822
37.751 -97.822
37.751 -97.822
37.751 -97.822
37.751 -97.822
37.751 -97.822
37.751 -97.822
37.751 -97.822
40.48643 -86.1336
41.89947 -87.94034
37.751 -97.822
47.44984 141.99064
25.77427 -80.19366
37.751 -97.822
37.751 -97.822
39.04372 -77.48749
37.751 -97.822
37.751 -97.822
42.24087 -83.26965
39.04372 -77.48749
38.88511 -76.91581
40.34785 -79.86422
37.751 -97.822
37.751 -97.822
33.9526 -84.54993
39.04372 -77.48749
39.04372 -77.48749
39.04372 -77.48749
39.04372 -77.48749
39.04372 -77.48749
34.05223 -118.24368
47.44984 141.99064
33.9526 -84.54993
33.9526 -84.54993
37.751 -97.822
39.09112 -94.41551
42.63892 -83.29105
44.83141 9.41722
37.751 -97.822
36.16589 -86.78444
38.75212 -121.28801
37.751 -97.822
43.00035 -75.4999
37.751 -97.822
42.28343 -71.23283
40.44062 -79.99589
33.9526 -84.54993
37.751 -97.822
22.03593 82.64248
47.60621 -122.33207
31.44815 -109.92841
34.74648 -92.28959
26.23786 -80.12477
37.751 -97.822
51.06513 -1.3187
37.751 -97.822
33.749 -84.38798
33.47097 -81.97484
37.751 -97.822
45.43713 12.33265
42.05915 -95.09805
37.33939 -121.89496
38.58157 -121.4944
37.751 -97.822
33.47097 -81.97484
33.92454 -86.02247
36.74773 -119.77237
39.73915 -104.9847
37.751 -97.822
35.08449 -106.65114
42.35843 -71.05977
42.28343 -71.23283
42.47926 -71.15228
37.751 -97.822
37.751 -97.822
38.89511 -77.03637
37.751 -97.822
38.89511 -77.03637
38.89511 -77.03637
38.89511 -77.03637
18.25 -66.5
18.25 -66.5
37.751 -97.822
37.751 -97.822
34.1566 -97.1792
34.1566 -97.1792
31.8378 -106.538
28.4338 -81.3472
33.521 -86.8066
35.43333 -79.78333
33.521 -86.8066
33.521 -86.8066
37.751 -97.822
37.751 -97.822
37.751 -97.822
37.751 -97.822
37.751 -97.822
37.751 -97.822
41.708 -83.7068
37.751 -97.822
37.751 -97.822
37.751 -97.822
37.751 -97.822
47.58958 7.52991
52.37403 4.88969
47.253 8.7721
50.11552 8.68417
48.85341 2.3488
51.2993 9.491
51.50853 -0.12574
50.11552 8.68417
51.50853 -0.12574
51.50853 -0.12574
51.50853 -0.12574
50.11552 8.68417
40.4165 -3.70256
51.4964 -0.1224
52.37403 4.88969
50.11552 8.68417
50.11552 8.68417
50.85045 4.34878
50.85045 4.34878
50.85045 4.34878
50.85045 4.34878
50.85045 4.34878
50.85045 4.34878
50.11552 8.68417
51.50853 -0.12574
51.50853 -0.12574
51.50853 -0.12574
51.50853 -0.12574
51.50853 -0.12574
51.50853 -0.12574
51.50853 -0.12574
51.50853 -0.12574
51.50853 -0.12574
51.50853 -0.12574
51.50853 -0.12574
51.50853 -0.12574
51.50853 -0.12574
51.50853 -0.12574
51.50853 -0.12574
51.50853 -0.12574
51.50853 -0.12574
51.50853 -0.12574
42.06246 -104.18439
53.3472 -6.2439
50.11552 8.68417
-5.38532 27.00029
50.11552 8.68417
51.50853 -0.12574
53.3472 -6.2439
53.3472 -6.2439
-5.38532 27.00029
51.50853 -0.12574
55.7527 37.6172
55.8225 37.3181
55.7527 37.6172
32.0886 34.8722
32.08414 34.79995
32.08414 34.79995
47.0 8.0
47.0 8.0
40.4165 -3.70256
47.0 8.0
47.0 8.0
47.0 8.0
47.0 8.0
59.91273 10.74609
55.7123 12.0564
51.1695 0.2369
51.50853 -0.12574
51.50853 -0.12574
51.4964 -0.1224
50.11552 8.68417
52.37403 4.88969
-9.64167 161.425
52.3824 4.8995
47.0 8.0
47.0 8.0
47.0 8.0
47.0 8.0
47.0 8.0
47.0 8.0
47.0 8.0
51.2993 9.491
52.52437 13.41053
53.57532 10.01534
47.0 8.0
47.0 8.0
47.0 8.0
50.85045 4.34878
51.2993 9.491
49.4 13.0333
59.3247 18.056
59.5 18.0
59.33258 18.0649
59.33258 18.0649
50.85045 4.34878
50.85045 4.34878
50.85045 4.34878
50.85045 4.34878
32.0 -5.0
39.91667 32.83333
39.91667 32.83333
39.91667 32.83333
39.91667 32.83333
39.91667 32.83333
50.11552 8.68417
51.2993 9.491
51.2993 9.491
51.2993 9.491
32.0886 34.8722
55.7527 37.6172
50.11552 8.68417
47.49801 19.03991
47.50012 -120.50147
52.37302 4.89856
50.11552 8.68417
47.0 8.0
50.11552 8.68417
47.0 8.0
50.11552 8.68417
47.0 8.0
47.0 8.0
50.11552 8.68417
47.0 8.0
45.354 11.98225
45.354 11.98225
40.4172 -3.684
47.6144 -122.3447
40.4172 -3.684
50.11552 8.68417
40.71427 -74.00597
40.71427 -74.00597
34.05223 -118.24368
51.4964 -0.1224
51.4964 -0.1224
51.50853 -0.12574
32.84707 -96.85195
42.06246 -104.18439
42.06246 -104.18439
42.06246 -104.18439
42.06246 -104.18439
59.3247 18.056
50.85045 4.34878
51.4964 -0.1224
43.1479 12.1097
41.01384 28.94966
41.01384 28.94966
48.8582 2.3387
33.9526 -84.54993
33.9526 -84.54993
33.9526 -84.54993
34.0447 -118.2946
