1.16 5625 2473
69.22 4505 4098
5.25 9866 2148
73.153 8315 7088
5.153 8564 5989
33.153 2064 510
33.22 2942 2145
34.28 2646 9895
65.19 5051 3220
5.156 6715 6729
2.25 5375 17
9.22 1500 3826
10.25 718 3640
37.156 7870 9475
1.22 2834 1667
9.153 345 2908
34.25 708 1805
38.44 8662 2137
9.25 989 2807
1.60 6537 6490
1.28 1659 4642
41.22 4255 2709
41.188 2260 9074
37.172 5081 8712
37.22 2482 2591
9.188 3725 856
38.25 1446 2942
1.172 8953 2328
37.153 1151 5422
33.28 3447 9832
73.25 8641 6823
6.60 5392 8310
65.25 4834 6363
74.25 7805 6943
65.22 4078 4017
1.188 9968 486
5.188 9167 7765
69.153 1801 4676
33.156 6234 3856
6.44 6717 8096
65.156 6770 7733
65.172 984 9648
9.44 152 4546
69.25 2371 5729
41.153 2993 5588
6.25 8299 6581
5.60 6439 762
37.188 3192 6168
10.44 830 9908
9.60 540 7056
33.19 4979 3144
6.28 6609 6272
2.44 8085 2379
65.153 5304 1552
2.28 3535 785
38.60 8172 2898
33.188 1778 6795
41.156 6908 2048
65.44 4673 2268
41.172 2138 8447
33.60 5736 9544
9.28 3128 948
10.60 6245 94
10.28 1192 3651
37.60 7660 9475
41.44 8095 544
5.44 7759 3110
5.28 8921 416
42.44 4208 566
34.60 7950 8667
42.60 3163 1187
9.172 4259 4660
37.44 3077 8599
33.44 3790 6360
41.25 4055 3036
65.28 5402 1227
42.25 6463 4776
37.28 6622 7451
1.156 6738 152
1.25 4501 1290
1.44 1223 4101
38.28 3487 8042
41.60 7956 120
33.172 1980 6096
73.22 6371 4963
1.19 5095 3134
2.60 1789 391
1.153 881 2652
41.28 6969 6415
5.22 8535 3832
65.174 8496 743
65.60 9173 9409
5.172 7779 7901
33.25 1438 3109
9.156 4116 2522
34.44 3662 1116
70.25 5419 1518
66.25 7178 4024
37.25 2125 160
42.28 9502 829
