1.16 5625 2473
69.22 4505 4098
5.25 9866 2148
73.153 8315 7088
5.153 8564 5989
33.153 2064 510
33.22 2942 2145
34.28 2646 9895
65.19 5051 3220
5.156 6715 6729
2.25 5375 17
9.22 1500 3826
10.25 718 3640
37.156 7870 9475
1.22 2834 1667
9.153 345 2908
34.25 708 1805
38.44 8662 2137
9.25 989 2807
1.60 6537 6490
1.28 1659 4642
41.22 4255 2709
41.188 2260 9074
37.172 5081 8712
37.22 2482 2591
9.188 3725 856
38.25 1446 2942
1.172 8953 2328
37.153 1151 5422
33.28 3447 9832
73.25 8641 6823
6.60 5392 8310
65.25 4834 6363
74.25 7805 6943
65.22 4078 4017
1.188 9968 486
5.188 9167 7765
69.153 1801 4676
33.156 6234 3856
6.44 6717 8096
65.156 6770 7733
65.172 984 9648
9.44 152 4546
69.25 2371 5729
41.153 2993 5588
6.25 8299 6581
5.60 6439 762
37.188 3192 6168
10.44 830 9908
9.60 540 7056
33.19 4979 3144